-7.083500000000000386e-03 9.642699999999999882e-02 -1.398100000000000023e+02 -9.658000000000000027e-05 -1.233800000000000008e+00
-7.425900000000000035e-03 8.997700000000000142e-02 -1.390500000000000114e+02 -9.659400000000000386e-05 -1.239999999999999991e+00
-7.628199999999999911e-03 8.740299999999999458e-02 -1.377299999999999898e+02 -9.755700000000000125e-05 -1.242599999999999927e+00
-8.454700000000000756e-03 7.789699999999999402e-02 -1.365200000000000102e+02 -9.262299999999999733e-05 -1.269600000000000062e+00
-8.442500000000000351e-03 6.459099999999999564e-02 -1.355300000000000011e+02 -9.556599999999999947e-05 -1.264899999999999913e+00
-8.505000000000000407e-03 4.575300000000000200e-02 -1.340500000000000114e+02 -9.787099999999999858e-05 -1.261300000000000088e+00
-8.405199999999999824e-03 2.670600000000000057e-02 -1.334399999999999977e+02 -1.022099999999999989e-04 -1.244699999999999918e+00
-7.749699999999999991e-03 6.140900000000000351e-03 -1.338600000000000136e+02 -1.114200000000000005e-04 -1.221200000000000063e+00
-7.948500000000000704e-03 -1.017999999999999981e-02 -1.333899999999999864e+02 -1.113499999999999961e-04 -1.223799999999999999e+00
-8.095500000000000265e-03 -1.802499999999999936e-02 -1.331899999999999977e+02 -1.119700000000000003e-04 -1.223400000000000043e+00
-8.694300000000000292e-03 -2.334999999999999923e-02 -1.328199999999999932e+02 -1.078300000000000027e-04 -1.241300000000000070e+00
-9.064300000000000829e-03 -2.724999999999999992e-02 -1.322800000000000011e+02 -1.066500000000000038e-04 -1.249000000000000110e+00
-9.020800000000000693e-03 -2.105200000000000127e-02 -1.321599999999999966e+02 -1.102199999999999984e-04 -1.237400000000000055e+00
-9.887999999999999221e-03 -2.044400000000000037e-02 -1.308499999999999943e+02 -1.047999999999999995e-04 -1.258599999999999941e+00
-9.730600000000000707e-03 -1.545599999999999925e-02 -1.301699999999999875e+02 -1.079699999999999979e-04 -1.249500000000000055e+00
-1.083300000000000061e-02 -9.329399999999999846e-03 -1.291399999999999864e+02 -9.897499999999999343e-05 -1.280499999999999972e+00
-1.111000000000000008e-02 -1.767300000000000121e-02 -1.278700000000000045e+02 -9.876900000000000252e-05 -1.284200000000000008e+00
-1.090299999999999950e-02 -3.148000000000000104e-02 -1.264500000000000028e+02 -1.016300000000000010e-04 -1.278000000000000025e+00
-1.107099999999999924e-02 -3.984900000000000247e-02 -1.259300000000000068e+02 -1.022600000000000001e-04 -1.280499999999999972e+00
-1.215499999999999914e-02 -5.569999999999999951e-02 -1.251800000000000068e+02 -9.510599999999999371e-05 -1.307299999999999907e+00
-1.213999999999999975e-02 -7.455299999999999427e-02 -1.235199999999999960e+02 -9.550500000000000124e-05 -1.305299999999999905e+00
-1.213799999999999948e-02 -8.535600000000000132e-02 -1.230799999999999983e+02 -9.719900000000000230e-05 -1.305700000000000083e+00
-1.282100000000000080e-02 -9.912300000000000277e-02 -1.227300000000000040e+02 -9.432799999999999540e-05 -1.312999999999999945e+00
-1.387200000000000065e-02 -1.065699999999999981e-01 -1.219099999999999966e+02 -9.032100000000000480e-05 -1.331800000000000095e+00
-1.440499999999999940e-02 -1.078400000000000053e-01 -1.209399999999999977e+02 -8.854199999999999354e-05 -1.337299999999999933e+00
-1.443000000000000012e-02 -1.037099999999999966e-01 -1.202900000000000063e+02 -9.082299999999999423e-05 -1.328899999999999970e+00
-1.301800000000000006e-02 -8.447200000000000542e-02 -1.202900000000000063e+02 -1.025100000000000062e-04 -1.300300000000000011e+00
-1.379799999999999950e-02 -7.779200000000000004e-02 -1.197600000000000051e+02 -9.955199999999999824e-05 -1.310899999999999954e+00
-1.471100000000000012e-02 -6.255199999999999649e-02 -1.192500000000000000e+02 -9.617500000000000669e-05 -1.325700000000000101e+00
-1.447400000000000075e-02 -6.399399999999999533e-02 -1.186599999999999966e+02 -9.851999999999999863e-05 -1.318899999999999961e+00
-1.376999999999999925e-02 -5.335700000000000165e-02 -1.191500000000000057e+02 -1.041600000000000056e-04 -1.304899999999999949e+00
-1.512800000000000082e-02 -4.707800000000000179e-02 -1.183400000000000034e+02 -9.597700000000000621e-05 -1.328600000000000003e+00
-1.571499999999999980e-02 -4.876699999999999785e-02 -1.185300000000000011e+02 -9.293799999999999685e-05 -1.338500000000000023e+00
-1.547699999999999944e-02 -5.301800000000000263e-02 -1.180699999999999932e+02 -9.424299999999999876e-05 -1.334000000000000075e+00
-1.608100000000000154e-02 -5.257300000000000167e-02 -1.178799999999999955e+02 -9.078500000000000578e-05 -1.345099999999999962e+00
-1.450700000000000080e-02 -5.201599999999999974e-02 -1.169399999999999977e+02 -1.005200000000000066e-04 -1.317399999999999904e+00
-1.447500000000000002e-02 -5.482200000000000267e-02 -1.171899999999999977e+02 -1.005200000000000066e-04 -1.317499999999999893e+00
-1.569699999999999915e-02 -5.949900000000000327e-02 -1.165900000000000034e+02 -9.363200000000000071e-05 -1.340400000000000036e+00
-1.438500000000000022e-02 -6.285100000000000409e-02 -1.154699999999999989e+02 -1.021200000000000048e-04 -1.315099999999999936e+00
-1.490799999999999938e-02 -5.743999999999999800e-02 -1.150799999999999983e+02 -9.993299999999999341e-05 -1.326699999999999990e+00
-1.443799999999999945e-02 -7.017099999999999727e-02 -1.144399999999999977e+02 -1.041999999999999985e-04 -1.286299999999999999e+00
-1.548300000000000023e-02 -5.349999999999999895e-02 -1.143400000000000034e+02 -9.997500000000000418e-05 -1.331399999999999917e+00
-1.409999999999999969e-02 -3.299200000000000049e-02 -1.132500000000000000e+02 -1.105300000000000005e-04 -1.303600000000000092e+00
-1.341600000000000084e-02 -2.269499999999999990e-02 -1.129099999999999966e+02 -1.186299999999999941e-04 -1.294100000000000028e+00
-1.429799999999999995e-02 -9.662799999999999168e-03 -1.126099999999999994e+02 -1.132000000000000004e-04 -1.315800000000000081e+00
-1.487699999999999960e-02 2.725800000000000011e-03 -1.117199999999999989e+02 -1.122500000000000044e-04 -1.308999999999999941e+00
-1.504699999999999961e-02 2.427800000000000097e-02 -1.116700000000000017e+02 -1.146300000000000053e-04 -1.312500000000000000e+00
-1.635500000000000148e-02 4.374399999999999816e-02 -1.110300000000000011e+02 -1.088099999999999967e-04 -1.330999999999999961e+00
-1.555300000000000085e-02 5.273900000000000116e-02 -1.102699999999999960e+02 -1.166200000000000049e-04 -1.313399999999999901e+00
-1.621699999999999878e-02 6.987699999999999467e-02 -1.105799999999999983e+02 -1.145399999999999977e-04 -1.320799999999999974e+00
-1.769400000000000139e-02 9.850799999999999834e-02 -1.098700000000000045e+02 -1.077200000000000054e-04 -1.337599999999999900e+00
-1.885300000000000170e-02 1.080699999999999994e-01 -1.095300000000000011e+02 -1.046699999999999990e-04 -1.348799999999999999e+00
-1.930099999999999871e-02 1.157799999999999940e-01 -1.098400000000000034e+02 -1.036400000000000038e-04 -1.351900000000000102e+00
-1.782800000000000010e-02 1.163399999999999990e-01 -1.090600000000000023e+02 -1.153100000000000056e-04 -1.325199999999999934e+00
-1.842799999999999994e-02 1.279599999999999904e-01 -1.094300000000000068e+02 -1.130999999999999980e-04 -1.331199999999999939e+00
-1.879700000000000121e-02 1.357599999999999918e-01 -1.088799999999999955e+02 -1.128500000000000054e-04 -1.332500000000000018e+00
-1.995600000000000152e-02 1.395200000000000051e-01 -1.087000000000000028e+02 -1.086299999999999950e-04 -1.346400000000000041e+00
-2.035999999999999963e-02 1.396799999999999986e-01 -1.083100000000000023e+02 -1.094000000000000029e-04 -1.346700000000000008e+00
-2.126099999999999865e-02 1.556800000000000128e-01 -1.078499999999999943e+02 -1.050600000000000004e-04 -1.354000000000000092e+00
-2.132399999999999921e-02 1.496300000000000130e-01 -1.073799999999999955e+02 -1.062399999999999993e-04 -1.353799999999999892e+00
-2.169700000000000101e-02 1.476399999999999935e-01 -1.069000000000000057e+02 -1.055099999999999978e-04 -1.354700000000000015e+00
-2.080900000000000111e-02 1.390099999999999947e-01 -1.068499999999999943e+02 -1.105800000000000018e-04 -1.343599999999999905e+00
-2.127700000000000077e-02 1.423800000000000066e-01 -1.071500000000000057e+02 -1.085900000000000022e-04 -1.349299999999999944e+00
-2.052999999999999964e-02 1.383000000000000063e-01 -1.066599999999999966e+02 -1.121299999999999988e-04 -1.340600000000000014e+00
-2.038500000000000034e-02 1.303600000000000037e-01 -1.065699999999999932e+02 -1.132500000000000016e-04 -1.338899999999999979e+00
-1.989600000000000049e-02 1.269500000000000073e-01 -1.062999999999999972e+02 -1.154799999999999989e-04 -1.333499999999999908e+00
-2.091799999999999909e-02 1.251400000000000012e-01 -1.063400000000000034e+02 -1.098500000000000003e-04 -1.347499999999999920e+00
-2.107399999999999898e-02 1.276599999999999957e-01 -1.061599999999999966e+02 -1.086200000000000002e-04 -1.353099999999999969e+00
-1.970999999999999835e-02 1.064900000000000013e-01 -1.055300000000000011e+02 -1.171099999999999951e-04 -1.311299999999999910e+00
-1.986800000000000024e-02 1.154700000000000032e-01 -1.062800000000000011e+02 -1.137200000000000022e-04 -1.343399999999999928e+00
-2.050700000000000092e-02 1.039999999999999952e-01 -1.056500000000000057e+02 -1.117899999999999986e-04 -1.348600000000000021e+00
-2.034499999999999850e-02 9.909800000000000553e-02 -1.054099999999999966e+02 -1.121599999999999968e-04 -1.346200000000000063e+00
-1.842600000000000141e-02 8.719300000000000661e-02 -1.052000000000000028e+02 -1.235900000000000009e-04 -1.322400000000000020e+00
-1.635800000000000101e-02 7.176599999999999646e-02 -1.054599999999999937e+02 -1.386600000000000040e-04 -1.289500000000000091e+00
-1.680699999999999902e-02 7.009100000000000052e-02 -1.054500000000000028e+02 -1.350500000000000029e-04 -1.300300000000000011e+00
-1.681200000000000055e-02 6.422500000000000431e-02 -1.054000000000000057e+02 -1.355399999999999932e-04 -1.299700000000000077e+00
-1.713800000000000046e-02 5.756000000000000005e-02 -1.052800000000000011e+02 -1.338800000000000124e-04 -1.317499999999999893e+00
-1.680200000000000096e-02 4.794000000000000344e-02 -1.049800000000000040e+02 -1.373400000000000098e-04 -1.300799999999999956e+00
-1.638500000000000026e-02 4.043800000000000172e-02 -1.048100000000000023e+02 -1.408899999999999877e-04 -1.293600000000000083e+00
-1.626000000000000015e-02 3.841599999999999876e-02 -1.048100000000000023e+02 -1.421100000000000065e-04 -1.293800000000000061e+00
-1.720599999999999907e-02 2.759800000000000100e-02 -1.040799999999999983e+02 -1.361099999999999962e-04 -1.299700000000000077e+00
-1.686800000000000105e-02 3.337899999999999895e-02 -1.040900000000000034e+02 -1.395799999999999884e-04 -1.301099999999999923e+00
-1.676800000000000165e-02 4.636099999999999943e-02 -1.043900000000000006e+02 -1.399999999999999877e-04 -1.327900000000000080e+00
-1.617199999999999888e-02 2.265599999999999906e-02 -1.037099999999999937e+02 -1.476199999999999995e-04 -1.283099999999999907e+00
-1.597600000000000062e-02 2.766300000000000009e-02 -1.039899999999999949e+02 -1.504200000000000133e-04 -1.283700000000000063e+00
-1.574400000000000105e-02 2.535199999999999954e-02 -1.036899999999999977e+02 -1.543199999999999997e-04 -1.281300000000000106e+00
-1.545900000000000052e-02 2.506200000000000094e-02 -1.032900000000000063e+02 -1.575400000000000129e-04 -1.269500000000000073e+00
-1.637299999999999867e-02 3.223800000000000276e-02 -1.032399999999999949e+02 -1.489200000000000040e-04 -1.289299999999999891e+00
-1.683600000000000027e-02 2.916300000000000142e-02 -1.028400000000000034e+02 -1.477200000000000019e-04 -1.298300000000000010e+00
-1.680999999999999855e-02 2.395699999999999913e-02 -1.026800000000000068e+02 -1.501700000000000073e-04 -1.294399999999999995e+00
-1.890500000000000166e-02 2.858399999999999830e-02 -1.023599999999999994e+02 -1.361799999999999870e-04 -1.326600000000000001e+00
-1.808200000000000085e-02 3.547800000000000259e-02 -1.020199999999999960e+02 -1.420299999999999937e-04 -1.312699999999999978e+00
-1.695100000000000079e-02 4.058200000000000002e-02 -1.020900000000000034e+02 -1.529199999999999928e-04 -1.290799999999999947e+00
-1.731699999999999906e-02 3.972900000000000043e-02 -1.020900000000000034e+02 -1.517799999999999868e-04 -1.296999999999999931e+00
-1.589199999999999988e-02 3.786099999999999882e-02 -1.023599999999999994e+02 -1.650800000000000119e-04 -1.268699999999999939e+00
-1.842999999999999847e-02 4.692600000000000243e-02 -1.024099999999999966e+02 -1.448499999999999972e-04 -1.315800000000000081e+00
-1.750099999999999920e-02 5.132899999999999963e-02 -1.019000000000000057e+02 -1.530199999999999952e-04 -1.297400000000000109e+00
-1.666899999999999979e-02 5.395400000000000196e-02 -1.020799999999999983e+02 -1.613399999999999969e-04 -1.282299999999999995e+00
-1.688100000000000017e-02 6.532100000000000406e-02 -1.019899999999999949e+02 -1.604499999999999969e-04 -1.285600000000000076e+00
-1.712800000000000086e-02 7.236099999999999477e-02 -1.020199999999999960e+02 -1.593599999999999921e-04 -1.287500000000000089e+00
-1.689299999999999830e-02 8.300100000000000533e-02 -1.018599999999999994e+02 -1.610399999999999896e-04 -1.282499999999999973e+00
-1.606300000000000089e-02 8.152700000000000224e-02 -1.021800000000000068e+02 -1.695699999999999909e-04 -1.266299999999999981e+00
-1.631000000000000158e-02 9.445900000000000130e-02 -1.022300000000000040e+02 -1.678000000000000129e-04 -1.271300000000000097e+00
-1.745700000000000029e-02 1.000400000000000039e-01 -1.019699999999999989e+02 -1.571400000000000032e-04 -1.294399999999999995e+00
-1.728800000000000128e-02 1.149000000000000021e-01 -1.019300000000000068e+02 -1.590499999999999900e-04 -1.291600000000000081e+00
-1.821300000000000002e-02 1.317699999999999982e-01 -1.020400000000000063e+02 -1.517500000000000023e-04 -1.305900000000000061e+00
-1.791299999999999837e-02 1.393099999999999894e-01 -1.018400000000000034e+02 -1.550000000000000000e-04 -1.297600000000000087e+00
-1.776300000000000101e-02 1.529000000000000081e-01 -1.020400000000000063e+02 -1.550199999999999896e-04 -1.292999999999999927e+00
-1.871099999999999847e-02 1.685599999999999876e-01 -1.021200000000000045e+02 -1.471300000000000093e-04 -1.307399999999999896e+00
-7.322399999999999742e-03 8.575699999999999990e-02 1.420900000000000034e+02 1.462699999999999938e-04 1.162300000000000111e+00
-7.471300000000000163e-03 8.598500000000000587e-02 1.413400000000000034e+02 1.455799999999999987e-04 1.165499999999999980e+00
-7.587799999999999580e-03 8.344100000000000128e-02 1.405699999999999932e+02 1.452199999999999954e-04 1.169499999999999984e+00
-7.532999999999999766e-03 8.593099999999999350e-02 1.401299999999999955e+02 1.476100000000000047e-04 1.167000000000000037e+00
-7.798900000000000103e-03 8.543199999999999406e-02 1.392100000000000080e+02 1.459200000000000124e-04 1.173200000000000021e+00
-7.845100000000000684e-03 8.421900000000000219e-02 1.396200000000000045e+02 1.462099999999999977e-04 1.171200000000000019e+00
-8.058799999999999644e-03 8.363400000000000001e-02 1.389000000000000057e+02 1.449599999999999945e-04 1.175899999999999945e+00
-7.780399999999999816e-03 7.796200000000000352e-02 1.402800000000000011e+02 1.495400000000000082e-04 1.163200000000000012e+00
-7.939699999999999189e-03 7.710100000000000287e-02 1.396200000000000045e+02 1.495799999999999875e-04 1.165499999999999980e+00
-7.988300000000000262e-03 7.373200000000000587e-02 1.390800000000000125e+02 1.506900000000000091e-04 1.165599999999999969e+00
-8.285799999999999416e-03 7.501399999999999735e-02 1.376899999999999977e+02 1.473400000000000089e-04 1.176199999999999912e+00
-8.269399999999999668e-03 7.116000000000000103e-02 1.379699999999999989e+02 1.493499999999999982e-04 1.171799999999999953e+00
-8.273499999999999605e-03 6.582200000000000550e-02 1.377800000000000011e+02 1.514800000000000066e-04 1.169000000000000039e+00
-8.296100000000000696e-03 6.289100000000000246e-02 1.375800000000000125e+02 1.512399999999999953e-04 1.170099999999999918e+00
-8.118000000000000216e-03 5.673999999999999877e-02 1.379000000000000057e+02 1.570700000000000123e-04 1.159499999999999975e+00
-8.179799999999999224e-03 5.198699999999999849e-02 1.376599999999999966e+02 1.574299999999999886e-04 1.159799999999999942e+00
-8.215200000000000627e-03 4.790200000000000014e-02 1.372199999999999989e+02 1.589499999999999876e-04 1.159000000000000030e+00
-8.060799999999999910e-03 4.186399999999999844e-02 1.377299999999999898e+02 1.628099999999999947e-04 1.151200000000000001e+00
-7.935199999999999892e-03 3.568400000000000044e-02 1.382899999999999920e+02 1.667600000000000094e-04 1.143199999999999994e+00
-8.103000000000000827e-03 3.242799999999999849e-02 1.380399999999999920e+02 1.661699999999999896e-04 1.145000000000000018e+00
-8.249700000000000435e-03 2.475300000000000070e-02 1.370399999999999920e+02 1.643199999999999988e-04 1.151399999999999979e+00
-7.899599999999999678e-03 2.435100000000000112e-02 1.378799999999999955e+02 1.722000000000000115e-04 1.136800000000000033e+00
-7.996700000000000683e-03 1.760600000000000012e-02 1.373100000000000023e+02 1.724100000000000112e-04 1.138500000000000068e+00
-8.013599999999999196e-03 1.653200000000000155e-02 1.372199999999999989e+02 1.737300000000000053e-04 1.137000000000000011e+00
-8.154700000000000837e-03 9.072600000000000109e-03 1.363199999999999932e+02 1.729699999999999922e-04 1.141299999999999981e+00
-8.275599999999999276e-03 8.739200000000000787e-03 1.355200000000000102e+02 1.734200000000000032e-04 1.143499999999999961e+00
-8.226600000000000579e-03 8.828000000000000777e-03 1.363000000000000114e+02 1.755399999999999897e-04 1.137699999999999934e+00
-8.188100000000000239e-03 1.301400000000000083e-03 1.364099999999999966e+02 1.781499999999999935e-04 1.133699999999999930e+00
-8.252699999999999966e-03 1.337199999999999977e-03 1.366299999999999955e+02 1.785300000000000136e-04 1.132300000000000084e+00
-8.519199999999999343e-03 1.380300000000000103e-03 1.348400000000000034e+02 1.764699999999999960e-04 1.141699999999999937e+00
-8.465600000000000208e-03 1.403699999999999913e-03 1.355900000000000034e+02 1.788299999999999937e-04 1.135699999999999932e+00
-8.496399999999999439e-03 1.420400000000000048e-03 1.355399999999999920e+02 1.801399999999999931e-04 1.134100000000000108e+00
-8.593200000000000491e-03 1.442499999999999989e-03 1.350500000000000114e+02 1.804499999999999952e-04 1.135399999999999965e+00
-8.661500000000000796e-03 1.458000000000000095e-03 1.351599999999999966e+02 1.811000000000000110e-04 1.134200000000000097e+00
-8.803399999999999420e-03 1.470699999999999915e-03 1.343499999999999943e+02 1.815300000000000052e-04 1.136500000000000066e+00
-8.943800000000000014e-03 1.378499999999999951e-03 1.339799999999999898e+02 1.805800000000000092e-04 1.139199999999999990e+00
-9.292999999999999178e-03 1.386700000000000042e-03 1.325699999999999932e+02 1.767000000000000124e-04 1.149799999999999933e+00
-9.200099999999999251e-03 1.356199999999999897e-03 1.329399999999999977e+02 1.805900000000000040e-04 1.143100000000000005e+00
-9.348499999999999172e-03 1.376199999999999949e-03 1.326399999999999864e+02 1.796199999999999913e-04 1.145499999999999963e+00
-9.490000000000000172e-03 1.356999999999999916e-03 1.321899999999999977e+02 1.790899999999999946e-04 1.147899999999999920e+00
-9.624499999999999375e-03 1.384100000000000087e-03 1.316599999999999966e+02 1.784300000000000111e-04 1.150800000000000045e+00
-9.691599999999999868e-03 1.407400000000000057e-03 1.312500000000000000e+02 1.796900000000000092e-04 1.150600000000000067e+00
-9.761600000000000485e-03 1.399199999999999966e-03 1.308199999999999932e+02 1.792700000000000099e-04 1.152800000000000047e+00
-9.870800000000000754e-03 1.348999999999999939e-03 1.304199999999999875e+02 1.793700000000000123e-04 1.154199999999999893e+00
-9.914900000000000796e-03 1.345400000000000068e-03 1.304000000000000057e+02 1.794099999999999916e-04 1.154199999999999893e+00
-9.848100000000000256e-03 1.339300000000000082e-03 1.304600000000000080e+02 1.819400000000000097e-04 1.150500000000000078e+00
-9.901200000000000626e-03 1.327499999999999904e-03 1.304000000000000057e+02 1.825599999999999868e-04 1.149899999999999922e+00
-9.997799999999999396e-03 1.290300000000000084e-03 1.299900000000000091e+02 1.825899999999999984e-04 1.151399999999999979e+00
-1.005099999999999917e-02 1.289299999999999951e-03 1.293100000000000023e+02 1.833100000000000051e-04 1.153100000000000014e+00
-9.995099999999999818e-03 1.358199999999999946e-03 1.293100000000000023e+02 1.852699999999999931e-04 1.150400000000000089e+00
-9.972699999999999274e-03 1.335699999999999995e-03 1.294799999999999898e+02 1.863900000000000094e-04 1.148300000000000098e+00
-9.911800000000000124e-03 1.315600000000000103e-03 1.295099999999999909e+02 1.879499999999999877e-04 1.146099999999999897e+00
-1.014600000000000050e-02 1.290600000000000037e-03 1.281599999999999966e+02 1.861599999999999930e-04 1.153699999999999948e+00
-1.021299999999999986e-02 1.297500000000000042e-03 1.277900000000000063e+02 1.863400000000000082e-04 1.154900000000000038e+00
-1.013900000000000044e-02 1.226199999999999990e-03 1.279399999999999977e+02 1.879200000000000033e-04 1.152199999999999891e+00
-1.027999999999999921e-02 1.232299999999999975e-03 1.271700000000000017e+02 1.873500000000000003e-04 1.155899999999999928e+00
-1.029399999999999933e-02 1.147299999999999969e-03 1.270199999999999960e+02 1.879899999999999941e-04 1.155699999999999950e+00
-1.055399999999999915e-02 1.092000000000000089e-03 1.258900000000000006e+02 1.857899999999999949e-04 1.163100000000000023e+00
-1.067500000000000046e-02 1.080699999999999977e-03 1.254099999999999966e+02 1.860900000000000022e-04 1.164600000000000080e+00
-1.068200000000000052e-02 1.062500000000000076e-03 1.252800000000000011e+02 1.861099999999999918e-04 1.165100000000000025e+00
-1.083899999999999968e-02 7.820099999999999751e-04 1.246099999999999994e+02 1.846399999999999940e-04 1.169699999999999962e+00
-1.067399999999999946e-02 7.513399999999999723e-04 1.249399999999999977e+02 1.882200000000000106e-04 1.163599999999999968e+00
-1.072500000000000016e-02 7.217999999999999807e-04 1.244300000000000068e+02 1.892999999999999934e-04 1.164199999999999902e+00
-1.058100000000000013e-02 7.041000000000000383e-04 1.250199999999999960e+02 1.923100000000000070e-04 1.157899999999999929e+00
-1.071700000000000083e-02 7.052300000000000495e-04 1.242399999999999949e+02 1.923299999999999966e-04 1.161000000000000032e+00
-1.079699999999999931e-02 7.027700000000000223e-04 1.238199999999999932e+02 1.922899999999999902e-04 1.162800000000000056e+00
-1.095299999999999919e-02 6.665899999999999994e-04 1.233799999999999955e+02 1.915300000000000043e-04 1.165499999999999980e+00
-1.124600000000000079e-02 6.627000000000000078e-04 1.225600000000000023e+02 1.897199999999999928e-04 1.171200000000000019e+00
-1.147600000000000009e-02 6.281099999999999748e-04 1.217999999999999972e+02 1.882700000000000118e-04 1.176199999999999912e+00
-1.136900000000000063e-02 6.208399999999999986e-04 1.222900000000000063e+02 1.909100000000000001e-04 1.170800000000000063e+00
-1.159899999999999994e-02 6.196199999999999798e-04 1.213900000000000006e+02 1.900299999999999949e-04 1.175599999999999978e+00
-1.157500000000000022e-02 6.480400000000000093e-04 1.214500000000000028e+02 1.914700000000000082e-04 1.173499999999999988e+00
-1.189800000000000059e-02 6.447900000000000116e-04 1.205699999999999932e+02 1.899000000000000080e-04 1.179200000000000026e+00
-1.179499999999999993e-02 6.274300000000000016e-04 1.208100000000000023e+02 1.928999999999999996e-04 1.174299999999999899e+00
-1.179099999999999940e-02 6.241999999999999936e-04 1.206700000000000017e+02 1.949099999999999889e-04 1.172299999999999898e+00
-1.174799999999999976e-02 6.234899999999999817e-04 1.208400000000000034e+02 1.969800000000000012e-04 1.168900000000000050e+00
-1.186000000000000075e-02 5.847699999999999730e-04 1.202399999999999949e+02 1.985900000000000078e-04 1.169399999999999995e+00
-1.226600000000000086e-02 5.611499999999999518e-04 1.201500000000000057e+02 1.942699999999999950e-04 1.175200000000000022e+00
-1.252099999999999914e-02 5.810599999999999966e-04 1.195999999999999943e+02 1.927999999999999972e-04 1.179400000000000004e+00
-1.248100000000000077e-02 5.562600000000000443e-04 1.185699999999999932e+02 1.949599999999999901e-04 1.181000000000000050e+00
-1.239799999999999930e-02 5.513099999999999511e-04 1.188499999999999943e+02 1.979600000000000088e-04 1.175999999999999934e+00
-1.239499999999999977e-02 5.517599999999999892e-04 1.188599999999999994e+02 2.001100000000000068e-04 1.173200000000000021e+00
-1.249300000000000063e-02 5.569600000000000072e-04 1.187300000000000040e+02 2.000500000000000108e-04 1.173799999999999955e+00
-1.282800000000000086e-02 5.669100000000000051e-04 1.178499999999999943e+02 1.968999999999999884e-04 1.181499999999999995e+00
-1.278299999999999922e-02 5.562600000000000443e-04 1.178400000000000034e+02 1.993099999999999874e-04 1.178500000000000103e+00
-1.270199999999999975e-02 5.586299999999999556e-04 1.178599999999999994e+02 2.014800000000000022e-04 1.175799999999999956e+00
-1.285400000000000084e-02 5.557199999999999987e-04 1.175900000000000034e+02 2.015099999999999867e-04 1.176800000000000068e+00
-1.305199999999999937e-02 5.588999999999999784e-04 1.169599999999999937e+02 2.002299999999999989e-04 1.181100000000000039e+00
-1.314599999999999970e-02 5.588299999999999604e-04 1.167600000000000051e+02 2.002100000000000093e-04 1.181999999999999940e+00
-1.294000000000000011e-02 5.492500000000000420e-04 1.170199999999999960e+02 2.044600000000000042e-04 1.175599999999999978e+00
-1.285999999999999990e-02 5.389799999999999930e-04 1.170699999999999932e+02 2.056000000000000102e-04 1.173999999999999932e+00
-1.307499999999999982e-02 5.358900000000000208e-04 1.164699999999999989e+02 2.037399999999999975e-04 1.178900000000000059e+00
-1.318199999999999927e-02 5.174199999999999893e-04 1.159699999999999989e+02 2.035200000000000030e-04 1.181300000000000017e+00
-1.326300000000000048e-02 5.082900000000000005e-04 1.156400000000000006e+02 2.035999999999999887e-04 1.182600000000000096e+00
-1.341299999999999958e-02 5.187699999999999950e-04 1.150199999999999960e+02 2.024499999999999878e-04 1.186700000000000088e+00
-1.353700000000000042e-02 5.080100000000000371e-04 1.145600000000000023e+02 2.029800000000000115e-04 1.188099999999999934e+00
-1.357700000000000053e-02 5.015799999999999512e-04 1.145000000000000000e+02 2.023600000000000073e-04 1.189100000000000046e+00
-1.369899999999999937e-02 5.069799999999999741e-04 1.140199999999999960e+02 2.021000000000000064e-04 1.191500000000000004e+00
-1.388999999999999957e-02 5.046500000000000421e-04 1.135300000000000011e+02 2.012299999999999961e-04 1.194800000000000084e+00
-1.354299999999999948e-02 4.920099999999999734e-04 1.142699999999999960e+02 2.058700000000000059e-04 1.185799999999999965e+00
-1.369700000000000084e-02 4.439399999999999813e-04 1.135199999999999960e+02 2.049499999999999944e-04 1.190199999999999925e+00
-1.382399999999999948e-02 4.287900000000000197e-04 1.130499999999999972e+02 2.049599999999999892e-04 1.192299999999999915e+00
-1.373800000000000021e-02 4.366600000000000104e-04 1.130499999999999972e+02 2.061800000000000080e-04 1.190800000000000081e+00
-1.378700000000000064e-02 4.413199999999999827e-04 1.128799999999999955e+02 2.069399999999999940e-04 1.190600000000000103e+00
-1.422900000000000033e-02 4.373399999999999835e-04 1.118900000000000006e+02 2.014600000000000125e-04 1.201699999999999990e+00
-1.402699999999999954e-02 4.346600000000000160e-04 1.121200000000000045e+02 2.049700000000000111e-04 1.196399999999999908e+00
-1.396000000000000019e-02 4.368800000000000049e-04 1.120300000000000011e+02 2.071599999999999885e-04 1.194099999999999939e+00
-1.405900000000000032e-02 4.500300000000000264e-04 1.116299999999999955e+02 2.068799999999999979e-04 1.196299999999999919e+00
-1.419800000000000055e-02 4.476099999999999784e-04 1.110300000000000011e+02 2.073699999999999881e-04 1.198399999999999910e+00
-1.408799999999999983e-02 4.261000000000000031e-04 1.113199999999999932e+02 2.084900000000000045e-04 1.195699999999999985e+00
-1.426200000000000037e-02 4.319400000000000149e-04 1.106599999999999966e+02 2.069999999999999900e-04 1.200499999999999901e+00
-1.437699999999999916e-02 4.134599999999999886e-04 1.101299999999999955e+02 2.084099999999999917e-04 1.201200000000000045e+00
-1.444699999999999977e-02 4.084700000000000245e-04 1.097699999999999960e+02 2.071599999999999885e-04 1.204299999999999926e+00
-1.461900000000000005e-02 4.313799999999999796e-04 1.093700000000000045e+02 2.061700000000000132e-04 1.207300000000000040e+00
-1.459200000000000080e-02 4.315300000000000104e-04 1.089599999999999937e+02 2.078199999999999991e-04 1.207200000000000051e+00
-1.446199999999999916e-02 4.378300000000000009e-04 1.094599999999999937e+02 2.103399999999999953e-04 1.201899999999999968e+00
-1.475500000000000075e-02 4.434700000000000079e-04 1.088100000000000023e+02 2.087000000000000042e-04 1.206800000000000095e+00
-1.530100000000000036e-02 4.412500000000000189e-04 1.078199999999999932e+02 2.032899999999999866e-04 1.217899999999999983e+00
-1.521100000000000056e-02 4.313499999999999951e-04 1.075999999999999943e+02 2.056299999999999946e-04 1.216099999999999959e+00
-1.544399999999999940e-02 4.238600000000000245e-04 1.069800000000000040e+02 2.054199999999999950e-04 1.219200000000000061e+00
-1.590199999999999947e-02 4.231999999999999868e-04 1.061500000000000057e+02 2.034799999999999966e-04 1.225300000000000056e+00
-2.223699999999999982e-02 3.928000000000000068e-04 1.041400000000000006e+02 1.515800000000000090e-04 1.296200000000000019e+00
-2.210399999999999865e-02 3.834900000000000028e-04 1.034000000000000057e+02 1.518099999999999983e-04 1.306000000000000050e+00
-1.627199999999999827e-02 3.795299999999999932e-04 1.046299999999999955e+02 2.021199999999999961e-04 1.233999999999999986e+00
-1.628900000000000139e-02 3.824200000000000147e-04 1.052800000000000011e+02 2.041300000000000124e-04 1.228599999999999914e+00
-1.594399999999999984e-02 3.890799999999999814e-04 1.057699999999999960e+02 2.089899999999999896e-04 1.220499999999999918e+00
-1.609700000000000020e-02 3.702600000000000227e-04 1.052300000000000040e+02 2.095499999999999978e-04 1.222399999999999931e+00
-1.623099999999999890e-02 3.486699999999999804e-04 1.048799999999999955e+02 2.094800000000000069e-04 1.224099999999999966e+00
-1.633099999999999830e-02 3.320500000000000209e-04 1.048400000000000034e+02 2.095999999999999990e-04 1.224199999999999955e+00
-1.640899999999999997e-02 3.388999999999999977e-04 1.044300000000000068e+02 2.098500000000000051e-04 1.225800000000000001e+00
-1.666499999999999926e-02 3.320700000000000106e-04 1.041500000000000057e+02 2.103800000000000017e-04 1.226499999999999924e+00
-1.655200000000000074e-02 3.355000000000000235e-04 1.039800000000000040e+02 2.112299999999999952e-04 1.226299999999999946e+00
-1.553000000000000040e-02 3.362700000000000042e-04 1.034899999999999949e+02 2.255899999999999865e-04 1.212399999999999922e+00
-1.505800000000000020e-02 3.319199999999999798e-04 1.036599999999999966e+02 2.334699999999999991e-04 1.203100000000000058e+00
-1.580900000000000014e-02 3.168700000000000206e-04 1.037999999999999972e+02 2.258399999999999926e-04 1.210599999999999898e+00
-1.741300000000000139e-02 3.299800000000000086e-04 1.025499999999999972e+02 2.111299999999999928e-04 1.233200000000000074e+00
-1.829899999999999929e-02 3.321500000000000234e-04 1.018799999999999955e+02 2.032699999999999969e-04 1.245500000000000052e+00
-1.825900000000000092e-02 3.187999999999999970e-04 1.017800000000000011e+02 2.056899999999999907e-04 1.243200000000000083e+00
-1.826399999999999899e-02 3.101399999999999817e-04 1.014699999999999989e+02 2.079399999999999912e-04 1.241999999999999993e+00
-1.888300000000000048e-02 3.072700000000000041e-04 1.007699999999999960e+02 2.038099999999999884e-04 1.250199999999999978e+00
-1.847599999999999937e-02 3.076900000000000034e-04 1.010900000000000034e+02 2.093300000000000033e-04 1.242199999999999971e+00
-1.885300000000000170e-02 3.392099999999999998e-04 1.005199999999999960e+02 2.083800000000000073e-04 1.245999999999999996e+00
-1.935999999999999874e-02 3.394399999999999891e-04 1.000400000000000063e+02 2.039699999999999868e-04 1.253500000000000059e+00
-1.919200000000000073e-02 3.448500000000000068e-04 1.001899999999999977e+02 2.078299999999999939e-04 1.248199999999999976e+00
-1.944699999999999901e-02 3.439299999999999953e-04 1.000100000000000051e+02 2.071399999999999988e-04 1.250000000000000000e+00
-1.958899999999999877e-02 3.514200000000000201e-04 9.977299999999999613e+01 2.080999999999999896e-04 1.250000000000000000e+00
-2.043199999999999877e-02 3.650899999999999892e-04 9.890699999999999648e+01 2.021199999999999961e-04 1.261100000000000110e+00
-2.037100000000000022e-02 3.665900000000000256e-04 9.883199999999999363e+01 2.048800000000000035e-04 1.258199999999999985e+00
-2.052599999999999911e-02 3.701800000000000099e-04 9.876200000000000045e+01 2.046600000000000090e-04 1.258799999999999919e+00
-2.080299999999999858e-02 3.745199999999999853e-04 9.860099999999999909e+01 2.035999999999999887e-04 1.260799999999999921e+00
-2.104200000000000167e-02 3.700600000000000178e-04 9.848600000000000421e+01 2.026899999999999991e-04 1.262399999999999967e+00
-2.118599999999999997e-02 3.736100000000000228e-04 9.821399999999999864e+01 2.043100000000000005e-04 1.261800000000000033e+00
-2.133200000000000027e-02 3.968099999999999904e-04 9.798000000000000398e+01 2.049599999999999892e-04 1.262199999999999989e+00
-2.135300000000000045e-02 3.999000000000000167e-04 9.815300000000000580e+01 2.058999999999999904e-04 1.260299999999999976e+00
-2.154199999999999865e-02 4.023200000000000105e-04 9.777400000000000091e+01 2.064500000000000037e-04 1.261500000000000066e+00
-2.148399999999999962e-02 4.177100000000000105e-04 9.800300000000000011e+01 2.080700000000000052e-04 1.258499999999999952e+00
-2.197899999999999854e-02 4.331599999999999795e-04 9.741599999999999682e+01 2.056799999999999959e-04 1.264100000000000001e+00
-2.261499999999999969e-02 4.301600000000000150e-04 9.704699999999999704e+01 2.019199999999999912e-04 1.270199999999999996e+00
-2.307000000000000023e-02 4.246499999999999949e-04 9.667300000000000182e+01 1.997699999999999932e-04 1.274499999999999966e+00
-2.289100000000000162e-02 4.405799999999999864e-04 9.665600000000000591e+01 2.033100000000000033e-04 1.270499999999999963e+00
-2.343200000000000144e-02 4.347299999999999797e-04 9.642700000000000671e+01 2.003300000000000013e-04 1.274999999999999911e+00
-2.337699999999999848e-02 4.671899999999999773e-04 9.632500000000000284e+01 2.026899999999999991e-04 1.272799999999999931e+00
-2.341400000000000078e-02 5.118500000000000003e-04 9.619599999999999795e+01 2.043400000000000121e-04 1.271500000000000075e+00
-2.447999999999999829e-02 5.165000000000000320e-04 9.560800000000000409e+01 1.975599999999999991e-04 1.282100000000000017e+00
-2.454100000000000031e-02 5.054900000000000409e-04 9.559300000000000352e+01 1.981200000000000073e-04 1.281600000000000072e+00
-2.506600000000000147e-02 5.544099999999999723e-04 9.523399999999999466e+01 1.961699999999999870e-04 1.285500000000000087e+00
-2.511499999999999844e-02 5.706599999999999607e-04 9.519499999999999318e+01 1.969499999999999897e-04 1.284799999999999942e+00
-2.546299999999999952e-02 6.055200000000000166e-04 9.489100000000000534e+01 1.963699999999999918e-04 1.286899999999999933e+00
-2.464699999999999877e-02 6.205100000000000069e-04 9.541899999999999693e+01 2.029300000000000103e-04 1.276899999999999924e+00
-2.439099999999999949e-02 6.217100000000000360e-04 9.555500000000000682e+01 2.056100000000000050e-04 1.273200000000000109e+00
-2.460999999999999993e-02 6.606500000000000393e-04 9.533799999999999386e+01 2.060700000000000108e-04 1.273700000000000054e+00
-2.541699999999999862e-02 6.844299999999999776e-04 9.479800000000000182e+01 2.019400000000000080e-04 1.280999999999999917e+00
-2.506299999999999847e-02 7.339900000000000114e-04 9.486100000000000421e+01 2.058700000000000059e-04 1.276299999999999990e+00
-2.515900000000000081e-02 7.242600000000000079e-04 9.482800000000000296e+01 2.059700000000000083e-04 1.276299999999999990e+00
-2.485100000000000156e-02 7.735899999999999981e-04 9.503199999999999648e+01 2.094099999999999889e-04 1.271500000000000075e+00
-2.452999999999999972e-02 7.794100000000000203e-04 9.514900000000000091e+01 2.131299999999999872e-04 1.266799999999999926e+00
-2.537199999999999872e-02 7.831000000000000070e-04 9.450400000000000489e+01 2.084199999999999866e-04 1.275199999999999889e+00
-2.491399999999999865e-02 7.606299999999999867e-04 9.465099999999999625e+01 2.135299999999999969e-04 1.268799999999999928e+00
-2.531699999999999923e-02 7.649100000000000473e-04 9.431399999999999295e+01 2.120699999999999940e-04 1.272100000000000009e+00
-2.478100000000000094e-02 7.938500000000000244e-04 9.458299999999999841e+01 2.169700000000000047e-04 1.265400000000000080e+00
-2.554299999999999973e-02 7.916499999999999709e-04 9.421999999999999886e+01 2.121500000000000068e-04 1.272499999999999964e+00
-2.618600000000000094e-02 8.446000000000000382e-04 9.369700000000000273e+01 2.086300000000000134e-04 1.278899999999999926e+00
-2.716999999999999971e-02 9.071399999999999646e-04 9.315000000000000568e+01 2.024799999999999994e-04 1.288399999999999990e+00
-2.753600000000000145e-02 9.240399999999999959e-04 9.295000000000000284e+01 2.016900000000000019e-04 1.290200000000000014e+00
-2.790799999999999878e-02 9.072900000000000496e-04 9.249200000000000443e+01 2.007400000000000059e-04 1.293500000000000094e+00
-2.817499999999999866e-02 8.766099999999999977e-04 9.249899999999999523e+01 1.991999999999999901e-04 1.295199999999999907e+00
-2.857200000000000017e-02 9.026200000000000282e-04 9.223699999999999477e+01 1.970800000000000037e-04 1.298799999999999955e+00
-2.791099999999999831e-02 1.045600000000000045e-03 9.225000000000000000e+01 2.035399999999999926e-04 1.291600000000000081e+00
-2.699800000000000116e-02 1.137999999999999906e-03 9.272799999999999443e+01 2.097900000000000090e-04 1.282399999999999984e+00
-2.701900000000000135e-02 1.142299999999999956e-03 9.258199999999999363e+01 2.108699999999999919e-04 1.281900000000000039e+00
-2.719699999999999895e-02 1.458700000000000057e-03 9.233100000000000307e+01 2.111799999999999940e-04 1.282799999999999940e+00
-2.739300000000000068e-02 1.871599999999999956e-03 9.208199999999999363e+01 2.102999999999999889e-04 1.284999999999999920e+00
-2.607100000000000042e-02 5.018800000000000344e-02 9.288700000000000045e+01 2.195499999999999969e-04 1.271099999999999897e+00
-2.839600000000000110e-02 1.163499999999999951e-01 9.200499999999999545e+01 2.022299999999999933e-04 1.294200000000000017e+00
-2.881200000000000080e-02 1.170500000000000013e-01 9.165999999999999659e+01 2.011299999999999937e-04 1.297099999999999920e+00
-2.847299999999999831e-02 1.182600000000000040e-01 9.178499999999999659e+01 2.033699999999999993e-04 1.294000000000000039e+00
-2.919000000000000067e-02 1.193199999999999955e-01 9.126099999999999568e+01 2.005200000000000114e-04 1.299700000000000077e+00
-2.914399999999999977e-02 1.181200000000000028e-01 9.129699999999999704e+01 2.004399999999999986e-04 1.299600000000000088e+00
-3.012099999999999847e-02 1.209100000000000036e-01 9.075100000000000477e+01 1.956500000000000123e-04 1.307600000000000096e+00
-3.062399999999999844e-02 1.212199999999999944e-01 9.057599999999999341e+01 1.929500000000000009e-04 1.311399999999999899e+00
-3.071199999999999972e-02 1.209800000000000042e-01 9.037099999999999511e+01 1.937899999999999996e-04 1.311399999999999899e+00
-3.054199999999999970e-02 1.203400000000000025e-01 9.041700000000000159e+01 1.947499999999999904e-04 1.310200000000000031e+00
-3.080000000000000099e-02 1.203000000000000042e-01 9.010800000000000409e+01 1.943199999999999962e-04 1.312100000000000044e+00
-3.094299999999999828e-02 1.172200000000000047e-01 8.989499999999999602e+01 1.950099999999999913e-04 1.312400000000000011e+00
-3.094799999999999982e-02 1.201699999999999990e-01 8.964400000000000546e+01 1.954299999999999907e-04 1.313099999999999934e+00
-3.144000000000000267e-02 1.219299999999999967e-01 8.944899999999999807e+01 1.941199999999999913e-04 1.315499999999999892e+00
-3.175700000000000051e-02 1.032200000000000062e-01 8.945099999999999341e+01 1.940599999999999953e-04 1.300999999999999934e+00
-3.148200000000000304e-02 9.594600000000000350e-02 8.951800000000000068e+01 1.954400000000000126e-04 1.302899999999999947e+00
-3.154400000000000259e-02 1.070200000000000040e-01 8.895900000000000318e+01 1.942900000000000117e-04 1.317600000000000104e+00
-3.114499999999999907e-02 1.131899999999999989e-01 8.908700000000000330e+01 1.980800000000000009e-04 1.312899999999999956e+00
-3.114700000000000107e-02 1.092199999999999976e-01 8.920799999999999841e+01 1.984499999999999990e-04 1.311900000000000066e+00
-3.124599999999999947e-02 1.064299999999999968e-01 8.893200000000000216e+01 1.986099999999999975e-04 1.313099999999999934e+00
-3.124000000000000041e-02 1.046799999999999953e-01 8.897700000000000387e+01 1.995699999999999883e-04 1.311800000000000077e+00
-3.093299999999999869e-02 1.017200000000000049e-01 8.885299999999999443e+01 2.020799999999999897e-04 1.307800000000000074e+00
-3.129300000000000137e-02 1.007399999999999962e-01 8.875400000000000489e+01 2.007500000000000007e-04 1.311600000000000099e+00
-3.114400000000000154e-02 9.760000000000000620e-02 8.859799999999999898e+01 2.030300000000000128e-04 1.310000000000000053e+00
-3.146000000000000185e-02 9.669800000000000617e-02 8.843000000000000682e+01 2.017699999999999876e-04 1.312100000000000044e+00
-3.214100000000000290e-02 9.470399999999999652e-02 8.815600000000000591e+01 1.986400000000000091e-04 1.316799999999999971e+00
-3.131699999999999762e-02 9.235899999999999666e-02 8.832299999999999329e+01 2.039900000000000036e-04 1.310300000000000020e+00
-3.052300000000000152e-02 8.841999999999999860e-02 8.845199999999999818e+01 2.098599999999999999e-04 1.303500000000000103e+00
-3.001799999999999954e-02 8.640799999999999870e-02 8.859000000000000341e+01 2.134799999999999957e-04 1.298999999999999932e+00
-3.001799999999999954e-02 8.224199999999999566e-02 8.853700000000000614e+01 2.148700000000000078e-04 1.297800000000000065e+00
-2.975600000000000120e-02 7.913599999999999801e-02 8.849200000000000443e+01 2.171200000000000083e-04 1.295800000000000063e+00
-2.919000000000000067e-02 7.423799999999999844e-02 8.864199999999999591e+01 2.213399999999999916e-04 1.290699999999999958e+00
-2.892499999999999932e-02 7.431899999999999618e-02 8.858299999999999841e+01 2.248999999999999914e-04 1.287400000000000100e+00
-2.988999999999999990e-02 7.322700000000000042e-02 8.816400000000000148e+01 2.182700000000000091e-04 1.296200000000000019e+00
-2.956900000000000153e-02 7.052200000000000135e-02 8.807699999999999818e+01 2.221099999999999995e-04 1.292599999999999971e+00
-2.880500000000000074e-02 6.552700000000000191e-02 8.800400000000000489e+01 2.283599999999999888e-04 1.283600000000000074e+00
-2.890399999999999914e-02 6.525899999999999757e-02 8.796299999999999386e+01 2.290700000000000006e-04 1.283500000000000085e+00
-2.878599999999999909e-02 6.441299999999999804e-02 8.814199999999999591e+01 2.293200000000000067e-04 1.285199999999999898e+00
-2.847299999999999831e-02 6.863600000000000256e-02 8.768899999999999295e+01 2.326200000000000056e-04 1.284299999999999997e+00
-2.868199999999999916e-02 6.578799999999999926e-02 8.758599999999999852e+01 2.316200000000000084e-04 1.285800000000000054e+00
-2.915299999999999836e-02 5.886700000000000266e-02 8.759900000000000375e+01 2.296400000000000036e-04 1.287700000000000067e+00
-2.967699999999999852e-02 5.827700000000000241e-02 8.724399999999999977e+01 2.281399999999999943e-04 1.289800000000000058e+00
-2.904100000000000084e-02 5.602200000000000235e-02 8.726800000000000068e+01 2.330599999999999946e-04 1.282599999999999962e+00
-2.943600000000000036e-02 5.536599999999999855e-02 8.723999999999999488e+01 2.308199999999999889e-04 1.287900000000000045e+00
-2.952700000000000116e-02 5.425200000000000161e-02 8.698099999999999454e+01 2.309400000000000081e-04 1.287800000000000056e+00
-2.916099999999999942e-02 5.239699999999999913e-02 8.719599999999999795e+01 2.344199999999999951e-04 1.285099999999999909e+00
-2.897699999999999929e-02 5.041400000000000048e-02 8.696599999999999397e+01 2.376400000000000083e-04 1.281600000000000072e+00
-2.910799999999999846e-02 5.006900000000000239e-02 8.700400000000000489e+01 2.361300000000000042e-04 1.284499999999999975e+00
-2.959000000000000172e-02 5.194499999999999812e-02 8.654699999999999704e+01 2.348700000000000061e-04 1.288000000000000034e+00
-2.937199999999999880e-02 4.302199999999999774e-02 8.655100000000000193e+01 2.375800000000000123e-04 1.273099999999999898e+00
-2.938699999999999993e-02 3.724800000000000333e-02 8.644100000000000250e+01 2.373499999999999959e-04 1.279600000000000071e+00
-2.863699999999999926e-02 4.487499999999999822e-02 8.635800000000000409e+01 2.445899999999999875e-04 1.278399999999999981e+00
-2.935899999999999968e-02 4.605100000000000166e-02 8.644599999999999795e+01 2.393800000000000019e-04 1.284299999999999997e+00
-2.841399999999999829e-02 4.461299999999999988e-02 8.616299999999999670e+01 2.481200000000000029e-04 1.272699999999999942e+00
-2.858000000000000124e-02 4.596399999999999791e-02 8.601900000000000546e+01 2.473199999999999834e-04 1.274299999999999988e+00
-2.840799999999999922e-02 5.770299999999999735e-02 8.568099999999999739e+01 2.478499999999999800e-04 1.280399999999999983e+00
-2.775800000000000142e-02 5.975899999999999962e-02 8.551600000000000534e+01 2.540900000000000016e-04 1.275600000000000067e+00
-2.815099999999999894e-02 4.903600000000000320e-02 8.599599999999999511e+01 2.531599999999999953e-04 1.273099999999999898e+00
-2.820100000000000037e-02 4.070000000000000007e-02 8.568300000000000693e+01 2.547499999999999851e-04 1.264999999999999902e+00
-2.816000000000000100e-02 3.721499999999999808e-02 8.565800000000000125e+01 2.558300000000000222e-04 1.264000000000000012e+00
-2.820100000000000037e-02 4.147200000000000192e-02 8.555299999999999727e+01 2.569900000000000179e-04 1.268199999999999994e+00
-2.926000000000000129e-02 4.510700000000000126e-02 8.535500000000000398e+01 2.484200000000000102e-04 1.279800000000000049e+00
-2.975200000000000067e-02 4.408999999999999725e-02 8.504800000000000182e+01 2.466300000000000154e-04 1.282699999999999951e+00
-2.890699999999999867e-02 4.322999999999999760e-02 8.511400000000000432e+01 2.535099999999999767e-04 1.273600000000000065e+00
-3.000900000000000095e-02 4.490600000000000147e-02 8.481699999999999307e+01 2.452900000000000046e-04 1.286899999999999933e+00
-2.870699999999999988e-02 4.389099999999999946e-02 8.489900000000000091e+01 2.570100000000000075e-04 1.271600000000000064e+00
-2.973800000000000054e-02 4.469200000000000256e-02 8.491299999999999670e+01 2.497099999999999927e-04 1.282799999999999940e+00
-2.899699999999999847e-02 4.617099999999999677e-02 8.462699999999999534e+01 2.570800000000000255e-04 1.272699999999999942e+00
-2.857200000000000017e-02 4.492299999999999766e-02 8.471299999999999386e+01 2.611199999999999936e-04 1.267900000000000027e+00
-2.938100000000000087e-02 4.618499999999999689e-02 8.454500000000000171e+01 2.562900000000000009e-04 1.278799999999999937e+00
-2.952899999999999969e-02 4.750499999999999862e-02 8.428499999999999659e+01 2.556699999999999967e-04 1.278699999999999948e+00
-2.899600000000000094e-02 4.588600000000000317e-02 8.412300000000000466e+01 2.609800000000000119e-04 1.272399999999999975e+00
-2.916200000000000042e-02 4.828699999999999659e-02 8.411199999999999477e+01 2.596799999999999803e-04 1.274799999999999933e+00
-2.931999999999999884e-02 4.810799999999999799e-02 8.406499999999999773e+01 2.595399999999999986e-04 1.275700000000000056e+00
-2.944899999999999948e-02 4.807999999999999774e-02 8.373699999999999477e+01 2.604199999999999766e-04 1.275600000000000067e+00
-2.874600000000000072e-02 4.758899999999999936e-02 8.383599999999999852e+01 2.669999999999999847e-04 1.268599999999999950e+00
-2.956400000000000000e-02 4.965599999999999875e-02 8.358599999999999852e+01 2.605299999999999738e-04 1.276899999999999924e+00
-2.983099999999999988e-02 4.870000000000000023e-02 8.341299999999999670e+01 2.596000000000000217e-04 1.278100000000000014e+00
-2.967799999999999952e-02 4.869600000000000317e-02 8.340900000000000603e+01 2.623300000000000176e-04 1.276599999999999957e+00
-3.022599999999999940e-02 5.215700000000000197e-02 8.300499999999999545e+01 2.596000000000000217e-04 1.280999999999999917e+00
-3.063400000000000151e-02 5.278499999999999859e-02 8.293000000000000682e+01 2.577100000000000246e-04 1.284699999999999953e+00
-3.022100000000000133e-02 5.284900000000000014e-02 8.286700000000000443e+01 2.620699999999999896e-04 1.279400000000000093e+00
-3.080700000000000105e-02 5.436499999999999666e-02 8.288899999999999579e+01 2.581899999999999929e-04 1.286200000000000010e+00
-2.992799999999999974e-02 5.394100000000000283e-02 8.269799999999999329e+01 2.669200000000000262e-04 1.275400000000000089e+00
-3.056400000000000089e-02 5.615200000000000052e-02 8.259099999999999397e+01 2.621599999999999972e-04 1.282100000000000017e+00
-3.059200000000000114e-02 5.756100000000000105e-02 8.269299999999999784e+01 2.622100000000000255e-04 1.283800000000000052e+00
-3.069699999999999859e-02 5.818199999999999761e-02 8.236299999999999955e+01 2.625700000000000017e-04 1.283500000000000085e+00
-3.053700000000000164e-02 5.668399999999999828e-02 8.245799999999999841e+01 2.655099999999999973e-04 1.282200000000000006e+00
-3.076399999999999968e-02 5.729599999999999971e-02 8.238299999999999557e+01 2.636699999999999743e-04 1.284200000000000008e+00
-3.058500000000000107e-02 5.857500000000000207e-02 8.231900000000000261e+01 2.661499999999999912e-04 1.282399999999999984e+00
-3.108100000000000099e-02 6.291900000000000270e-02 8.193600000000000705e+01 2.639599999999999867e-04 1.286000000000000032e+00
-3.139399999999999830e-02 6.161799999999999916e-02 8.184099999999999397e+01 2.623099999999999737e-04 1.288399999999999990e+00
-3.119099999999999998e-02 6.417399999999999494e-02 8.163299999999999557e+01 2.647899999999999907e-04 1.284599999999999964e+00
-3.201799999999999785e-02 6.443200000000000316e-02 8.140500000000000114e+01 2.600100000000000263e-04 1.292100000000000026e+00
-3.227700000000000014e-02 6.824900000000000411e-02 8.131999999999999318e+01 2.592100000000000068e-04 1.293900000000000050e+00
-3.283099999999999907e-02 7.022799999999999876e-02 8.095000000000000284e+01 2.566000000000000030e-04 1.298200000000000021e+00
-3.188799999999999968e-02 6.967399999999999982e-02 8.100000000000000000e+01 2.644200000000000196e-04 1.288599999999999968e+00
-3.206200000000000022e-02 7.060800000000000409e-02 8.115800000000000125e+01 2.633399999999999825e-04 1.291299999999999892e+00
-3.313599999999999879e-02 7.421099999999999919e-02 8.072199999999999420e+01 2.568900000000000155e-04 1.299199999999999910e+00
-3.335400000000000170e-02 7.705299999999999649e-02 8.047299999999999898e+01 2.577699999999999935e-04 1.299800000000000066e+00
-3.264999999999999847e-02 7.781000000000000416e-02 8.067799999999999727e+01 2.630199999999999856e-04 1.294200000000000017e+00
-3.271600000000000202e-02 7.984299999999999731e-02 8.051999999999999602e+01 2.634299999999999901e-04 1.294699999999999962e+00
-3.280500000000000083e-02 8.061799999999999522e-02 8.048499999999999943e+01 2.637000000000000129e-04 1.294699999999999962e+00
-3.255000000000000254e-02 8.420500000000000207e-02 8.030100000000000193e+01 2.667699999999999954e-04 1.293099999999999916e+00
-3.275399999999999839e-02 8.611299999999999510e-02 8.033799999999999386e+01 2.653199999999999873e-04 1.294200000000000017e+00
-3.276400000000000146e-02 8.880599999999999605e-02 8.027100000000000080e+01 2.661300000000000015e-04 1.293800000000000061e+00
-3.326199999999999990e-02 9.325700000000000656e-02 8.007299999999999329e+01 2.632700000000000188e-04 1.297400000000000109e+00
-3.293100000000000194e-02 9.466099999999999515e-02 8.007299999999999329e+01 2.665699999999999906e-04 1.294599999999999973e+00
-3.299499999999999655e-02 9.700699999999999601e-02 8.002800000000000580e+01 2.667500000000000058e-04 1.294699999999999962e+00
-3.354599999999999943e-02 9.906700000000000228e-02 7.973099999999999454e+01 2.636200000000000002e-04 1.298999999999999932e+00
-3.353899999999999937e-02 1.015400000000000053e-01 7.959099999999999397e+01 2.654299999999999845e-04 1.298200000000000021e+00
-3.300399999999999862e-02 1.049800000000000039e-01 7.976099999999999568e+01 2.696299999999999782e-04 1.293800000000000061e+00
-3.409999999999999837e-02 1.096899999999999958e-01 7.929399999999999693e+01 2.627999999999999911e-04 1.302100000000000035e+00
-3.432099999999999734e-02 1.135099999999999998e-01 7.906100000000000705e+01 2.624600000000000045e-04 1.303600000000000092e+00
-3.348500000000000087e-02 1.171200000000000019e-01 7.923900000000000432e+01 2.684100000000000136e-04 1.297700000000000076e+00
-3.324499999999999678e-02 1.171299999999999980e-01 7.926300000000000523e+01 2.714099999999999781e-04 1.295099999999999918e+00
-3.348600000000000187e-02 1.182900000000000063e-01 7.914100000000000534e+01 2.706100000000000129e-04 1.296399999999999997e+00
-3.351300000000000112e-02 1.224900000000000017e-01 7.909699999999999420e+01 2.701399999999999852e-04 1.297099999999999920e+00
-3.379100000000000159e-02 1.266299999999999926e-01 7.901200000000000045e+01 2.691600000000000047e-04 1.298399999999999999e+00
-3.301599999999999674e-02 1.293100000000000083e-01 7.918200000000000216e+01 2.752400000000000007e-04 1.292399999999999993e+00
-3.422900000000000248e-02 1.353499999999999981e-01 7.871500000000000341e+01 2.680299999999999935e-04 1.300999999999999934e+00
-3.465100000000000124e-02 1.409999999999999865e-01 7.865000000000000568e+01 2.644699999999999937e-04 1.304300000000000015e+00
-3.401200000000000057e-02 1.416999999999999926e-01 7.872199999999999420e+01 2.702100000000000031e-04 1.299099999999999921e+00
-3.404700000000000087e-02 1.427599999999999980e-01 7.863899999999999579e+01 2.709599999999999943e-04 1.298999999999999932e+00
-3.389099999999999752e-02 1.452600000000000002e-01 7.876500000000000057e+01 2.726499999999999866e-04 1.296899999999999942e+00
-3.451900000000000107e-02 1.527600000000000069e-01 7.841599999999999682e+01 2.694099999999999837e-04 1.301500000000000101e+00
-3.453300000000000120e-02 1.545600000000000029e-01 7.842400000000000659e+01 2.704200000000000028e-04 1.300599999999999978e+00
-3.539199999999999985e-02 1.595699999999999896e-01 7.811899999999999977e+01 2.646200000000000245e-04 1.307099999999999929e+00
-3.586799999999999711e-02 1.616700000000000081e-01 7.797599999999999909e+01 2.617000000000000185e-04 1.310300000000000020e+00
-3.599999999999999728e-02 1.677700000000000025e-01 7.789600000000000080e+01 2.620300000000000103e-04 1.310499999999999998e+00
-3.656899999999999734e-02 1.728699999999999959e-01 7.767900000000000205e+01 2.596100000000000165e-04 1.313700000000000090e+00
-3.631299999999999806e-02 1.743999999999999995e-01 7.768999999999999773e+01 2.616900000000000237e-04 1.311900000000000066e+00
-3.794299999999999756e-02 1.838500000000000134e-01 7.731199999999999761e+01 2.516199999999999795e-04 1.322300000000000031e+00
-3.815600000000000241e-02 1.883400000000000074e-01 7.712600000000000477e+01 2.510899999999999829e-04 1.323700000000000099e+00
-3.727699999999999764e-02 1.854399999999999937e-01 7.729999999999999716e+01 2.582500000000000160e-04 1.316899999999999959e+00
-3.713999999999999940e-02 1.872999999999999943e-01 7.721800000000000352e+01 2.600799999999999900e-04 1.315800000000000081e+00
-3.780100000000000127e-02 1.939500000000000113e-01 7.704300000000000637e+01 2.566000000000000030e-04 1.319600000000000106e+00
-3.874899999999999872e-02 2.020699999999999996e-01 7.684300000000000352e+01 2.509000000000000271e-04 1.325399999999999912e+00
-3.905100000000000238e-02 2.042200000000000126e-01 7.664100000000000534e+01 2.504499999999999890e-04 1.326899999999999968e+00
-3.967500000000000193e-02 2.076399999999999912e-01 7.641899999999999693e+01 2.477600000000000267e-04 1.330300000000000038e+00
-4.020200000000000162e-02 2.154800000000000049e-01 7.627299999999999613e+01 2.459499999999999881e-04 1.332600000000000007e+00
-3.966299999999999687e-02 2.169800000000000062e-01 7.634699999999999420e+01 2.485799999999999815e-04 1.330000000000000071e+00
-3.932800000000000185e-02 2.195400000000000129e-01 7.628900000000000148e+01 2.523100000000000017e-04 1.327299999999999924e+00
-3.981400000000000217e-02 2.253900000000000070e-01 7.613299999999999557e+01 2.496299999999999799e-04 1.330300000000000038e+00
-3.939399999999999846e-02 2.278799999999999992e-01 7.619499999999999318e+01 2.526699999999999779e-04 1.327499999999999902e+00
-3.899099999999999788e-02 2.303699999999999914e-01 7.629500000000000171e+01 2.560800000000000012e-04 1.324200000000000044e+00
-3.754600000000000298e-02 2.250000000000000056e-01 7.660699999999999932e+01 2.665200000000000164e-04 1.314000000000000057e+00
-3.712300000000000322e-02 2.307800000000000129e-01 7.675900000000000034e+01 2.679900000000000142e-04 1.312000000000000055e+00
-3.673799999999999982e-02 2.307800000000000129e-01 7.684300000000000352e+01 2.717600000000000137e-04 1.308499999999999996e+00
-3.905800000000000244e-02 2.461299999999999877e-01 7.634999999999999432e+01 2.575999999999999731e-04 1.322599999999999998e+00
-3.944399999999999989e-02 2.509100000000000219e-01 7.629900000000000659e+01 2.561400000000000243e-04 1.324100000000000055e+00
-3.981699999999999823e-02 2.561200000000000143e-01 7.620900000000000318e+01 2.543700000000000193e-04 1.326000000000000068e+00
-4.205400000000000110e-02 2.735299999999999954e-01 7.583499999999999375e+01 2.423100000000000026e-04 1.337900000000000089e+00
-4.210499999999999660e-02 2.787700000000000178e-01 7.592300000000000182e+01 2.414899999999999935e-04 1.338100000000000067e+00
-4.288999999999999757e-02 2.900599999999999845e-01 7.574299999999999500e+01 2.380100000000000065e-04 1.342000000000000082e+00
-4.347499999999999976e-02 2.985400000000000276e-01 7.567700000000000671e+01 2.347499999999999869e-04 1.344999999999999973e+00
-4.268700000000000272e-02 2.953600000000000114e-01 7.583499999999999375e+01 2.389100000000000013e-04 1.340799999999999992e+00
-4.382099999999999884e-02 3.080300000000000260e-01 7.573799999999999955e+01 2.330599999999999946e-04 1.346200000000000063e+00
-4.519999999999999712e-02 3.176899999999999724e-01 7.563800000000000523e+01 2.261099999999999883e-04 1.352500000000000036e+00
-4.448900000000000077e-02 3.241899999999999782e-01 7.555800000000000693e+01 2.309599999999999978e-04 1.348799999999999999e+00
-4.534900000000000042e-02 3.355799999999999894e-01 7.550600000000000023e+01 2.259399999999999950e-04 1.353299999999999947e+00
-4.613400000000000140e-02 3.433999999999999830e-01 7.535599999999999454e+01 2.223000000000000095e-04 1.357199999999999962e+00
-4.623900000000000232e-02 3.528999999999999915e-01 7.534099999999999397e+01 2.215600000000000132e-04 1.357900000000000107e+00
-4.564499999999999807e-02 3.592400000000000038e-01 7.536899999999999977e+01 2.248399999999999954e-04 1.354999999999999982e+00
-4.549099999999999672e-02 3.641900000000000137e-01 7.537900000000000489e+01 2.257700000000000017e-04 1.354100000000000081e+00
-4.621000000000000107e-02 3.743900000000000006e-01 7.522499999999999432e+01 2.228599999999999906e-04 1.357399999999999940e+00
-4.680999999999999744e-02 3.823799999999999977e-01 7.505100000000000193e+01 2.200600000000000039e-04 1.360600000000000032e+00
-4.618799999999999989e-02 3.864699999999999802e-01 7.503100000000000591e+01 2.225299999999999989e-04 1.358600000000000030e+00
-4.648399999999999754e-02 3.988399999999999723e-01 7.497299999999999898e+01 2.212799999999999956e-04 1.359900000000000109e+00
-4.584799999999999986e-02 4.041399999999999992e-01 7.503700000000000614e+01 2.234399999999999884e-04 1.357799999999999896e+00
-4.597500000000000198e-02 4.136600000000000277e-01 7.490900000000000603e+01 2.237800000000000021e-04 1.358200000000000074e+00
-4.625100000000000044e-02 4.242699999999999805e-01 7.483400000000000318e+01 2.217800000000000077e-04 1.360200000000000076e+00
-4.645699999999999830e-02 4.390000000000000013e-01 7.488400000000000034e+01 2.198400000000000094e-04 1.361599999999999921e+00
-4.600200000000000122e-02 4.437900000000000178e-01 7.488100000000000023e+01 2.216700000000000105e-04 1.360100000000000087e+00
-4.473499999999999699e-02 4.441399999999999793e-01 7.515800000000000125e+01 2.267000000000000081e-04 1.354500000000000037e+00
-4.425599999999999673e-02 4.490199999999999747e-01 7.528499999999999659e+01 2.290600000000000058e-04 1.351799999999999891e+00
-4.390100000000000252e-02 4.529599999999999738e-01 7.527899999999999636e+01 2.307900000000000045e-04 1.350400000000000045e+00
-4.324700000000000072e-02 4.535899999999999932e-01 7.554999999999999716e+01 2.334699999999999991e-04 1.346799999999999997e+00
-4.271699999999999803e-02 4.557599999999999985e-01 7.573999999999999488e+01 2.352400000000000042e-04 1.344300000000000050e+00
-4.328800000000000009e-02 4.663599999999999968e-01 7.564799999999999613e+01 2.322299999999999907e-04 1.347299999999999942e+00
-4.420799999999999730e-02 4.855800000000000116e-01 7.561499999999999488e+01 2.266600000000000017e-04 1.352200000000000069e+00
-4.581600000000000256e-02 5.083900000000000086e-01 7.554800000000000182e+01 2.187099999999999982e-04 1.359299999999999953e+00
-4.779300000000000215e-02 5.346999999999999531e-01 7.541299999999999670e+01 2.093599999999999877e-04 1.368000000000000105e+00
-4.965300000000000269e-02 5.540300000000000225e-01 7.529099999999999682e+01 2.017599999999999927e-04 1.375199999999999978e+00
-4.982199999999999823e-02 5.593700000000000339e-01 7.529000000000000625e+01 2.013600000000000101e-04 1.375499999999999945e+00
-5.514399999999999857e-02 6.175800000000000178e-01 7.495199999999999818e+01 1.824800000000000011e-04 1.393699999999999939e+00
-5.631400000000000294e-02 6.330799999999999761e-01 7.493300000000000693e+01 1.787899999999999873e-04 1.397100000000000009e+00
-5.776400000000000284e-02 6.537100000000000133e-01 7.480299999999999727e+01 1.747599999999999870e-04 1.401299999999999990e+00
-5.731499999999999789e-02 6.532099999999999573e-01 7.498699999999999477e+01 1.752500000000000043e-04 1.399999999999999911e+00
-5.776599999999999790e-02 6.590200000000000502e-01 7.499699999999999989e+01 1.742199999999999955e-04 1.400900000000000034e+00
-5.903800000000000020e-02 6.752000000000000224e-01 7.496500000000000341e+01 1.702300000000000015e-04 1.404700000000000060e+00
-6.092399999999999899e-02 6.892599999999999838e-01 7.483100000000000307e+01 1.660300000000000079e-04 1.409000000000000030e+00
-6.181500000000000189e-02 7.025299999999999878e-01 7.481100000000000705e+01 1.635999999999999922e-04 1.411299999999999999e+00
-6.194399999999999906e-02 7.084000000000000297e-01 7.473199999999999932e+01 1.624899999999999977e-04 1.412600000000000078e+00
-6.180999999999999689e-02 7.124500000000000277e-01 7.470000000000000284e+01 1.623499999999999889e-04 1.412900000000000045e+00
-6.298099999999999532e-02 7.251900000000000013e-01 7.458799999999999386e+01 1.591300000000000028e-04 1.416299999999999892e+00
-6.251500000000000112e-02 7.256099999999999772e-01 7.460899999999999466e+01 1.598699999999999991e-04 1.415499999999999980e+00
-6.329799999999999316e-02 7.383300000000000418e-01 7.451300000000000523e+01 1.580200000000000083e-04 1.417599999999999971e+00
-6.196200000000000319e-02 7.312800000000000411e-01 7.462999999999999545e+01 1.611200000000000024e-04 1.414299999999999891e+00
-6.128299999999999720e-02 7.369700000000000140e-01 7.477100000000000080e+01 1.617699999999999911e-04 1.413100000000000023e+00
-6.069900000000000295e-02 7.377000000000000224e-01 7.489799999999999613e+01 1.613599999999999865e-04 1.413000000000000034e+00
-5.975300000000000056e-02 7.340100000000000513e-01 7.506999999999999318e+01 1.625900000000000001e-04 1.411200000000000010e+00
-5.830199999999999966e-02 7.322300000000000475e-01 7.531799999999999784e+01 1.647099999999999866e-04 1.408300000000000107e+00
-2.598299999999999915e-02 3.189999999999999780e-02 9.849200000000000443e+01 3.034600000000000253e-04 1.072400000000000020e+00
-2.741499999999999840e-02 3.069099999999999953e-02 9.635299999999999443e+01 3.002999999999999810e-04 1.106300000000000061e+00
-2.734599999999999878e-02 2.990500000000000103e-02 9.499599999999999511e+01 3.082699999999999742e-04 1.115399999999999947e+00
-2.689599999999999977e-02 2.585199999999999998e-02 9.415200000000000102e+01 3.196699999999999802e-04 1.114700000000000024e+00
-2.739199999999999968e-02 2.654899999999999968e-02 9.220699999999999363e+01 3.223400000000000072e-04 1.123599999999999932e+00
-2.770600000000000146e-02 2.886100000000000124e-02 9.091800000000000637e+01 3.218900000000000233e-04 1.132700000000000040e+00
-2.707299999999999984e-02 3.156899999999999984e-02 9.037500000000000000e+01 3.295799999999999988e-04 1.124600000000000044e+00
-2.743699999999999958e-02 3.504499999999999976e-02 8.950499999999999545e+01 3.313400000000000091e-04 1.131999999999999895e+00
-2.716800000000000118e-02 2.709400000000000003e-02 8.892199999999999704e+01 3.423599999999999951e-04 1.127399999999999958e+00
-2.828599999999999864e-02 1.058899999999999945e-02 8.807399999999999807e+01 3.393299999999999919e-04 1.147000000000000020e+00
-2.933499999999999996e-02 -5.808800000000000248e-03 8.701000000000000512e+01 3.352900000000000238e-04 1.161299999999999999e+00
-3.112900000000000042e-02 -2.180800000000000100e-02 8.551099999999999568e+01 3.273700000000000047e-04 1.182399999999999896e+00
-3.217300000000000021e-02 -3.190300000000000080e-02 8.453100000000000591e+01 3.262399999999999935e-04 1.194499999999999895e+00
-3.169399999999999995e-02 -3.484199999999999797e-02 8.406000000000000227e+01 3.345900000000000068e-04 1.190199999999999925e+00
-3.193499999999999811e-02 -3.365100000000000036e-02 8.322599999999999909e+01 3.363299999999999732e-04 1.197699999999999987e+00
-3.227599999999999913e-02 -2.909799999999999887e-02 8.217600000000000193e+01 3.381600000000000014e-04 1.204800000000000093e+00
-3.230600000000000138e-02 -2.250299999999999870e-02 8.122799999999999443e+01 3.442499999999999922e-04 1.207500000000000018e+00
-3.285300000000000026e-02 -1.834600000000000120e-02 8.015099999999999625e+01 3.466799999999999808e-04 1.214599999999999902e+00
-3.298500000000000043e-02 -1.172899999999999984e-02 7.950000000000000000e+01 3.510699999999999845e-04 1.218399999999999928e+00
-3.295100000000000112e-02 -5.455500000000000280e-03 7.901399999999999579e+01 3.553300000000000013e-04 1.220900000000000096e+00
-3.198700000000000154e-02 6.740300000000000501e-04 7.872499999999999432e+01 3.679299999999999823e-04 1.212599999999999900e+00
-3.261300000000000310e-02 4.143299999999999934e-03 7.797599999999999909e+01 3.677600000000000161e-04 1.220599999999999907e+00
-3.320800000000000141e-02 8.203600000000000128e-04 7.719400000000000261e+01 3.673899999999999909e-04 1.227300000000000058e+00
-3.434600000000000153e-02 -3.932200000000000062e-04 7.668000000000000682e+01 3.601799999999999837e-04 1.238899999999999890e+00
-3.277200000000000252e-02 -2.126400000000000078e-03 7.680100000000000193e+01 3.790900000000000042e-04 1.219899999999999984e+00
-3.354300000000000337e-02 -2.624200000000000144e-03 7.654600000000000648e+01 3.756000000000000224e-04 1.228799999999999892e+00
-3.235299999999999981e-02 -1.798899999999999978e-03 7.618999999999999773e+01 3.919500000000000132e-04 1.213799999999999990e+00
-3.263499999999999734e-02 -5.177300000000000131e-03 7.553400000000000603e+01 3.933499999999999931e-04 1.216800000000000104e+00
-3.298399999999999943e-02 -9.791100000000000497e-03 7.480200000000000671e+01 3.950499999999999802e-04 1.220800000000000107e+00
-3.367200000000000054e-02 -1.054700000000000082e-02 7.428199999999999648e+01 3.900400000000000264e-04 1.229999999999999982e+00
-3.353400000000000131e-02 -8.654300000000000187e-03 7.392700000000000671e+01 3.952399999999999902e-04 1.229000000000000092e+00
-3.410500000000000337e-02 -6.685700000000000150e-03 7.336899999999999977e+01 3.950800000000000188e-04 1.235800000000000010e+00
-3.490900000000000253e-02 -5.289499999999999931e-03 7.284699999999999420e+01 3.920600000000000105e-04 1.245200000000000085e+00
-3.483800000000000091e-02 -6.985800000000000343e-03 7.249099999999999966e+01 3.959599999999999969e-04 1.247100000000000097e+00
-3.499800000000000133e-02 -6.225800000000000084e-03 7.215099999999999625e+01 3.963600000000000066e-04 1.251300000000000079e+00
-3.649800000000000266e-02 -3.984500000000000194e-03 7.160599999999999454e+01 3.830300000000000241e-04 1.267200000000000104e+00
-3.686899999999999900e-02 -2.096900000000000066e-03 7.109900000000000375e+01 3.838000000000000049e-04 1.268899999999999917e+00
-3.758199999999999735e-02 -5.279200000000000385e-03 7.065300000000000580e+01 3.825300000000000119e-04 1.272399999999999975e+00
-3.759599999999999748e-02 -4.265800000000000147e-03 7.052200000000000557e+01 3.851899999999999899e-04 1.270999999999999908e+00
-3.653300000000000297e-02 -2.749399999999999934e-03 7.048199999999999932e+01 3.965099999999999831e-04 1.260699999999999932e+00
-3.603100000000000053e-02 -7.064999999999999883e-04 7.040200000000000102e+01 4.016299999999999883e-04 1.255600000000000049e+00
-3.593299999999999966e-02 -2.317300000000000056e-04 7.035399999999999920e+01 4.022699999999999822e-04 1.256000000000000005e+00
-3.484399999999999997e-02 -1.246399999999999939e-03 7.037699999999999534e+01 4.143199999999999769e-04 1.246399999999999952e+00
-3.475899999999999823e-02 -1.291499999999999896e-03 7.016299999999999670e+01 4.170900000000000063e-04 1.245900000000000007e+00
-3.499399999999999733e-02 -4.379499999999999713e-03 6.980299999999999727e+01 4.176299999999999978e-04 1.248299999999999965e+00
-3.458699999999999969e-02 -7.401800000000000046e-03 6.968200000000000216e+01 4.235299999999999785e-04 1.245100000000000096e+00
-3.448199999999999876e-02 -1.117399999999999990e-02 6.957800000000000296e+01 4.258500000000000241e-04 1.244799999999999907e+00
-3.526800000000000074e-02 -1.079600000000000004e-02 6.907999999999999829e+01 4.199699999999999787e-04 1.253100000000000103e+00
-3.553100000000000008e-02 -1.244199999999999993e-02 6.862999999999999545e+01 4.207200000000000241e-04 1.255300000000000082e+00
-3.776499999999999996e-02 -1.031100000000000072e-02 6.785200000000000387e+01 4.006099999999999744e-04 1.276799999999999935e+00
-3.803499999999999936e-02 -1.383700000000000034e-02 6.754200000000000159e+01 4.008500000000000127e-04 1.280699999999999950e+00
-3.708199999999999691e-02 -1.404099999999999966e-02 6.741899999999999693e+01 4.118300000000000194e-04 1.274100000000000010e+00
-3.754600000000000298e-02 -1.226799999999999939e-02 6.708799999999999386e+01 4.088200000000000059e-04 1.280200000000000005e+00
-3.802300000000000124e-02 -9.835699999999999305e-03 6.688100000000000023e+01 4.063499999999999838e-04 1.285300000000000109e+00
-3.885000000000000259e-02 -8.678299999999999903e-03 6.642499999999999716e+01 4.026599999999999971e-04 1.292200000000000015e+00
-3.908899999999999875e-02 -5.284999999999999767e-03 6.602800000000000580e+01 4.024200000000000129e-04 1.291199999999999903e+00
-3.960500000000000131e-02 -6.325400000000000120e-03 6.588899999999999579e+01 3.984600000000000034e-04 1.298300000000000010e+00
-3.849400000000000044e-02 -5.790899999999999867e-03 6.593899999999999295e+01 4.089000000000000187e-04 1.291500000000000092e+00
-3.770400000000000140e-02 -5.333399999999999860e-04 6.586799999999999500e+01 4.193099999999999952e-04 1.284100000000000019e+00
-3.862700000000000161e-02 -8.086900000000000381e-04 6.560299999999999443e+01 4.116200000000000197e-04 1.292499999999999982e+00
-3.872300000000000048e-02 -2.113299999999999977e-04 6.530100000000000193e+01 4.112100000000000152e-04 1.292699999999999960e+00
-3.832200000000000190e-02 -3.667000000000000121e-03 6.529300000000000637e+01 4.144600000000000129e-04 1.290899999999999936e+00
-3.842199999999999782e-02 -6.609499999999999924e-03 6.517799999999999727e+01 4.117400000000000118e-04 1.292699999999999960e+00
-3.617000000000000076e-02 -7.899400000000000865e-03 6.553000000000000114e+01 4.328800000000000161e-04 1.274399999999999977e+00
-3.468799999999999661e-02 -6.425900000000000015e-03 6.589700000000000557e+01 4.490200000000000072e-04 1.261600000000000055e+00
-3.580499999999999655e-02 -6.628799999999999797e-03 6.557500000000000284e+01 4.389700000000000069e-04 1.271300000000000097e+00
-3.570899999999999769e-02 -4.253200000000000383e-03 6.536700000000000443e+01 4.434199999999999795e-04 1.266699999999999937e+00
-3.582599999999999674e-02 -2.422800000000000127e-03 6.505700000000000216e+01 4.453300000000000205e-04 1.268499999999999961e+00
-3.619800000000000101e-02 -3.357699999999999921e-03 6.486700000000000443e+01 4.417800000000000156e-04 1.272799999999999931e+00
-3.668699999999999739e-02 -4.623900000000000232e-03 6.474099999999999966e+01 4.360599999999999958e-04 1.279300000000000104e+00
-3.660299999999999665e-02 -4.497799999999999715e-03 6.472899999999999920e+01 4.349099999999999949e-04 1.281400000000000095e+00
-3.693199999999999955e-02 -5.771199999999999768e-03 6.449800000000000466e+01 4.301400000000000254e-04 1.286200000000000010e+00
-3.685900000000000287e-02 -7.628600000000000138e-03 6.422400000000000375e+01 4.335499999999999944e-04 1.286100000000000021e+00
-3.851899999999999769e-02 -1.137699999999999996e-02 6.378300000000000125e+01 4.185600000000000041e-04 1.298499999999999988e+00
-3.955999999999999794e-02 -1.479300000000000059e-02 6.343800000000000239e+01 4.122199999999999801e-04 1.305399999999999894e+00
-3.855999999999999706e-02 -1.727100000000000163e-02 6.343500000000000227e+01 4.264200000000000000e-04 1.297400000000000109e+00
-3.866900000000000198e-02 -2.055500000000000035e-02 6.321699999999999875e+01 4.271100000000000222e-04 1.296399999999999997e+00
-3.962700000000000250e-02 -1.910600000000000145e-02 6.325000000000000000e+01 4.199100000000000098e-04 1.303800000000000070e+00
-3.882700000000000040e-02 -1.950199999999999850e-02 6.311800000000000210e+01 4.278199999999999798e-04 1.297800000000000065e+00
-3.777300000000000102e-02 -1.442700000000000059e-02 6.308800000000000097e+01 4.391399999999999731e-04 1.290300000000000002e+00
-3.864399999999999780e-02 -1.270199999999999975e-02 6.296000000000000085e+01 4.308599999999999778e-04 1.299299999999999899e+00
-3.779699999999999727e-02 -9.035500000000000129e-03 6.276299999999999812e+01 4.415099999999999927e-04 1.292699999999999960e+00
-3.688199999999999812e-02 -9.086900000000000185e-03 6.275699999999999790e+01 4.509399999999999888e-04 1.287600000000000078e+00
-3.878500000000000003e-02 -9.145399999999999710e-03 6.242000000000000171e+01 4.319899999999999890e-04 1.304599999999999982e+00
-3.734699999999999825e-02 -9.972099999999999367e-03 6.221999999999999886e+01 4.487900000000000179e-04 1.293299999999999894e+00
-3.683100000000000263e-02 -1.188499999999999973e-02 6.225900000000000034e+01 4.541799999999999917e-04 1.290699999999999958e+00
-3.760899999999999660e-02 -1.346499999999999954e-02 6.213100000000000023e+01 4.467200000000000055e-04 1.298100000000000032e+00
-3.764200000000000185e-02 -1.519000000000000038e-02 6.193099999999999739e+01 4.489900000000000228e-04 1.297400000000000109e+00
-3.691400000000000237e-02 -1.546499999999999958e-02 6.191499999999999915e+01 4.581100000000000168e-04 1.292200000000000015e+00
-3.779099999999999820e-02 -1.698500000000000010e-02 6.166199999999999903e+01 4.497500000000000087e-04 1.299299999999999899e+00
-3.943599999999999883e-02 -1.902399999999999924e-02 6.139399999999999835e+01 4.345500000000000187e-04 1.310999999999999943e+00
-3.889800000000000202e-02 -1.842500000000000041e-02 6.126599999999999824e+01 4.412500000000000189e-04 1.307199999999999918e+00
-3.779400000000000120e-02 -1.902099999999999971e-02 6.128399999999999892e+01 4.527099999999999939e-04 1.299299999999999899e+00
-3.830599999999999977e-02 -1.760099999999999859e-02 6.108700000000000330e+01 4.474200000000000225e-04 1.303500000000000103e+00
-3.963699999999999862e-02 -1.739900000000000127e-02 6.077300000000000324e+01 4.352100000000000022e-04 1.313700000000000090e+00
-3.953700000000000270e-02 -1.697299999999999850e-02 6.059799999999999898e+01 4.387999999999999865e-04 1.312100000000000044e+00
-3.986200000000000160e-02 -1.778300000000000020e-02 6.033800000000000097e+01 4.363600000000000031e-04 1.314000000000000057e+00
-3.795799999999999869e-02 -1.832900000000000154e-02 6.042199999999999704e+01 4.573800000000000153e-04 1.300999999999999934e+00
-3.859900000000000136e-02 -1.764599999999999849e-02 6.027300000000000324e+01 4.547600000000000166e-04 1.305500000000000105e+00
-4.004900000000000126e-02 -2.146500000000000144e-02 5.995900000000000318e+01 4.422900000000000225e-04 1.314999999999999947e+00
-3.912700000000000206e-02 -2.163500000000000145e-02 5.974499999999999744e+01 4.562100000000000248e-04 1.308300000000000018e+00
-3.980800000000000310e-02 -2.251600000000000129e-02 5.952300000000000324e+01 4.501700000000000081e-04 1.312500000000000000e+00
-3.865199999999999886e-02 -2.632900000000000171e-02 5.956900000000000261e+01 4.642100000000000024e-04 1.305299999999999905e+00
-3.966900000000000287e-02 -2.889100000000000001e-02 5.937100000000000222e+01 4.554000000000000105e-04 1.313199999999999923e+00
-3.817500000000000060e-02 -3.133999999999999980e-02 5.947699999999999676e+01 4.700400000000000194e-04 1.305500000000000105e+00
-3.758999999999999841e-02 -2.945499999999999854e-02 5.939500000000000313e+01 4.783000000000000250e-04 1.300799999999999956e+00
-3.755700000000000011e-02 -3.268000000000000071e-02 5.911099999999999710e+01 4.778000000000000129e-04 1.300300000000000011e+00
-3.728200000000000264e-02 -3.167199999999999876e-02 5.901899999999999835e+01 4.844000000000000107e-04 1.299400000000000110e+00
-3.652500000000000191e-02 -3.009799999999999975e-02 5.902900000000000347e+01 4.944300000000000214e-04 1.294499999999999984e+00
-3.713999999999999940e-02 -3.253199999999999842e-02 5.875300000000000011e+01 4.886800000000000171e-04 1.299800000000000066e+00
-3.774000000000000271e-02 -3.050200000000000133e-02 5.857500000000000284e+01 4.853600000000000015e-04 1.303800000000000070e+00
-3.839200000000000251e-02 -3.078399999999999886e-02 5.835000000000000142e+01 4.804400000000000012e-04 1.309099999999999930e+00
-3.773300000000000265e-02 -3.021300000000000027e-02 5.797899999999999920e+01 4.931799999999999639e-04 1.302699999999999969e+00
-3.742999999999999799e-02 -2.900499999999999953e-02 5.797599999999999909e+01 4.981999999999999667e-04 1.301199999999999912e+00
-3.636199999999999849e-02 -2.843199999999999894e-02 5.790200000000000102e+01 5.152699999999999642e-04 1.294499999999999984e+00
-3.760800000000000254e-02 -3.148800000000000210e-02 5.751599999999999824e+01 5.022299999999999941e-04 1.304899999999999949e+00
-3.685399999999999787e-02 -2.809400000000000092e-02 5.730499999999999972e+01 5.135699999999999770e-04 1.300000000000000044e+00
-3.719000000000000083e-02 -2.904400000000000037e-02 5.722899999999999920e+01 5.097100000000000242e-04 1.304499999999999993e+00
-3.829899999999999971e-02 -2.924900000000000069e-02 5.687100000000000222e+01 4.998000000000000055e-04 1.313199999999999923e+00
-3.784300000000000164e-02 -3.216299999999999715e-02 5.646999999999999886e+01 5.087600000000000282e-04 1.308799999999999963e+00
-4.057000000000000189e-02 -3.478900000000000048e-02 5.619700000000000273e+01 4.799399999999999890e-04 1.328000000000000069e+00
-4.056799999999999989e-02 -3.576800000000000118e-02 5.587299999999999756e+01 4.833199999999999736e-04 1.327199999999999935e+00
-4.042500000000000260e-02 -3.769499999999999934e-02 5.568800000000000239e+01 4.868599999999999837e-04 1.326699999999999990e+00
-4.021399999999999975e-02 -3.929799999999999960e-02 5.563799999999999812e+01 4.922799999999999962e-04 1.326100000000000056e+00
-3.975999999999999673e-02 -4.043599999999999972e-02 5.559599999999999653e+01 4.979900000000000212e-04 1.323600000000000110e+00
-3.947599999999999720e-02 -4.199200000000000155e-02 5.546099999999999852e+01 5.036199999999999791e-04 1.322200000000000042e+00
-4.044799999999999784e-02 -4.424899999999999667e-02 5.547099999999999653e+01 4.934499999999999867e-04 1.330100000000000060e+00
-4.040099999999999941e-02 -3.958099999999999813e-02 5.517600000000000193e+01 4.956500000000000402e-04 1.330100000000000060e+00
-3.852200000000000069e-02 -3.559600000000000264e-02 5.505700000000000216e+01 5.189399999999999612e-04 1.317700000000000093e+00
-3.823000000000000009e-02 -3.208099999999999841e-02 5.496200000000000330e+01 5.270999999999999644e-04 1.315499999999999892e+00
-4.024599999999999705e-02 -3.607599999999999696e-02 5.475800000000000267e+01 5.038700000000000123e-04 1.330400000000000027e+00
-4.194300000000000112e-02 -3.423299999999999954e-02 5.426899999999999835e+01 4.867699999999999761e-04 1.339800000000000102e+00
-4.396200000000000108e-02 -3.368600000000000066e-02 5.386999999999999744e+01 4.666000000000000117e-04 1.351399999999999935e+00
-4.278499999999999664e-02 -3.203399999999999997e-02 5.389099999999999824e+01 4.797599999999999738e-04 1.346200000000000063e+00
-4.337200000000000083e-02 -3.241600000000000037e-02 5.360300000000000153e+01 4.720899999999999879e-04 1.350300000000000056e+00
-4.202199999999999686e-02 -3.109299999999999911e-02 5.359300000000000352e+01 4.857700000000000060e-04 1.344500000000000028e+00
-4.212300000000000072e-02 -3.317200000000000010e-02 5.346000000000000085e+01 4.843900000000000159e-04 1.347299999999999942e+00
-4.306700000000000111e-02 -3.205999999999999822e-02 5.339600000000000080e+01 4.751900000000000091e-04 1.355099999999999971e+00
-4.364300000000000124e-02 -3.315900000000000097e-02 5.334400000000000119e+01 4.684600000000000244e-04 1.359299999999999953e+00
-4.098099999999999660e-02 -3.088600000000000026e-02 5.331900000000000261e+01 5.000500000000000387e-04 1.343199999999999950e+00
-3.973499999999999949e-02 -3.214399999999999896e-02 5.330100000000000193e+01 5.176399999999999838e-04 1.336000000000000076e+00
-4.068700000000000094e-02 -3.370299999999999685e-02 5.315599999999999881e+01 5.062600000000000216e-04 1.343699999999999894e+00
-4.010899999999999882e-02 -3.474399999999999711e-02 5.301100000000000279e+01 5.144299999999999654e-04 1.339099999999999957e+00
-4.137500000000000205e-02 -3.419099999999999917e-02 5.293999999999999773e+01 4.998099999999999462e-04 1.345800000000000107e+00
-4.247499999999999887e-02 -3.694700000000000067e-02 5.270900000000000318e+01 4.887999999999999550e-04 1.351599999999999913e+00
-4.279899999999999677e-02 -4.024400000000000199e-02 5.264600000000000080e+01 4.851100000000000225e-04 1.354700000000000015e+00
-4.266600000000000253e-02 -4.142599999999999755e-02 5.249300000000000210e+01 4.848799999999999790e-04 1.354899999999999993e+00
-4.186399999999999844e-02 -4.368299999999999961e-02 5.260699999999999932e+01 4.906300000000000374e-04 1.351599999999999913e+00
-3.927300000000000235e-02 -4.477799999999999836e-02 5.265699999999999648e+01 5.176599999999999735e-04 1.338000000000000078e+00
-3.779600000000000320e-02 -4.303599999999999787e-02 5.288100000000000023e+01 5.307000000000000519e-04 1.331700000000000106e+00
-3.712900000000000228e-02 -4.295399999999999913e-02 5.278799999999999670e+01 5.371199999999999803e-04 1.327599999999999891e+00
-3.651900000000000285e-02 -4.622500000000000220e-02 5.303300000000000125e+01 5.402399999999999911e-04 1.326300000000000034e+00
-3.391000000000000264e-02 -4.387699999999999934e-02 5.299799999999999756e+01 5.741900000000000302e-04 1.307299999999999907e+00
-3.385900000000000021e-02 -4.259000000000000286e-02 5.316100000000000136e+01 5.709000000000000533e-04 1.309099999999999930e+00
-3.449100000000000082e-02 -4.306200000000000305e-02 5.292099999999999937e+01 5.613099999999999774e-04 1.316000000000000059e+00
-3.354599999999999943e-02 -4.233100000000000057e-02 5.292199999999999704e+01 5.737900000000000205e-04 1.307800000000000074e+00
-3.555900000000000033e-02 -4.141500000000000042e-02 5.274199999999999733e+01 5.416600000000000147e-04 1.324400000000000022e+00
-3.489500000000000240e-02 -4.114500000000000102e-02 5.260499999999999687e+01 5.554499999999999759e-04 1.320300000000000029e+00
-3.447499999999999870e-02 -4.155500000000000166e-02 5.240400000000000347e+01 5.635500000000000101e-04 1.317299999999999915e+00
-3.537599999999999772e-02 -4.370799999999999685e-02 5.228399999999999892e+01 5.489100000000000012e-04 1.324699999999999989e+00
-3.363000000000000017e-02 -4.338800000000000295e-02 5.208500000000000085e+01 5.753299999999999820e-04 1.310100000000000042e+00
-3.384199999999999708e-02 -4.472899999999999793e-02 5.215100000000000335e+01 5.724600000000000044e-04 1.314799999999999969e+00
-3.482500000000000179e-02 -4.687299999999999800e-02 5.199900000000000233e+01 5.541300000000000088e-04 1.323800000000000088e+00
-3.450199999999999795e-02 -5.001599999999999796e-02 5.180799999999999983e+01 5.599199999999999924e-04 1.321199999999999930e+00
-3.536799999999999666e-02 -5.316499999999999698e-02 5.180199999999999960e+01 5.388599999999999467e-04 1.331099999999999950e+00
-3.459999999999999881e-02 -5.668000000000000121e-02 5.185499999999999687e+01 5.466400000000000382e-04 1.327599999999999891e+00
-3.389199999999999852e-02 -5.861700000000000244e-02 5.180799999999999983e+01 5.506999999999999959e-04 1.324400000000000022e+00
-3.329399999999999721e-02 -5.768600000000000116e-02 5.173100000000000165e+01 5.533099999999999997e-04 1.322400000000000020e+00
-3.314999999999999891e-02 -5.909099999999999769e-02 5.217099999999999937e+01 5.441400000000000316e-04 1.328999999999999959e+00
-3.110900000000000123e-02 -6.337800000000000378e-02 5.199300000000000210e+01 5.715899999999999670e-04 1.313499999999999890e+00
-3.073999999999999996e-02 -6.408300000000000107e-02 5.211200000000000188e+01 5.753600000000000207e-04 1.314899999999999958e+00
-2.873900000000000066e-02 -6.415800000000000669e-02 5.228300000000000125e+01 6.043700000000000157e-04 1.299800000000000066e+00
-3.019700000000000162e-02 -6.812400000000000400e-02 5.217900000000000205e+01 5.762500000000000478e-04 1.318500000000000005e+00
-3.051600000000000146e-02 -7.022299999999999376e-02 5.204200000000000159e+01 5.706300000000000304e-04 1.322899999999999965e+00
-2.863699999999999926e-02 -7.131800000000000639e-02 5.198799999999999955e+01 6.012699999999999946e-04 1.307700000000000085e+00
-2.676399999999999960e-02 -6.727099999999999747e-02 5.195900000000000318e+01 6.390799999999999866e-04 1.290799999999999947e+00
-2.914599999999999830e-02 -7.303300000000000070e-02 5.160399999999999920e+01 5.875000000000000231e-04 1.319099999999999939e+00
-3.149400000000000116e-02 -7.707200000000000162e-02 5.125999999999999801e+01 5.467799999999999657e-04 1.339699999999999891e+00
-3.079799999999999899e-02 -7.782999999999999641e-02 5.095700000000000074e+01 5.544200000000000213e-04 1.332799999999999985e+00
-3.028300000000000089e-02 -7.738100000000000533e-02 5.092000000000000171e+01 5.595900000000000006e-04 1.332100000000000062e+00
-3.059900000000000120e-02 -7.406400000000000483e-02 5.126800000000000068e+01 5.502699999999999475e-04 1.338000000000000078e+00
-2.987100000000000172e-02 -7.216200000000000392e-02 5.108299999999999841e+01 5.545500000000000082e-04 1.333900000000000086e+00
-2.952099999999999863e-02 -7.105100000000000304e-02 5.134899999999999665e+01 5.515700000000000333e-04 1.334899999999999975e+00
-2.835599999999999926e-02 -6.382200000000000373e-02 5.143900000000000006e+01 5.642000000000000530e-04 1.328100000000000058e+00
-2.788300000000000153e-02 -6.349799999999999889e-02 5.153000000000000114e+01 5.640400000000000275e-04 1.326899999999999968e+00
-2.623199999999999837e-02 -6.024600000000000094e-02 5.197200000000000131e+01 5.846599999999999757e-04 1.316999999999999948e+00
-2.837299999999999892e-02 -6.360799999999999788e-02 5.189699999999999847e+01 5.286600000000000240e-04 1.341699999999999893e+00
-2.865799999999999945e-02 -6.272800000000000598e-02 5.163600000000000279e+01 5.201300000000000498e-04 1.348100000000000076e+00
-2.783100000000000157e-02 -6.347899999999999376e-02 5.136899999999999977e+01 5.246899999999999654e-04 1.342300000000000049e+00
-2.692699999999999955e-02 -6.641600000000000281e-02 5.150999999999999801e+01 5.328400000000000280e-04 1.340300000000000047e+00
-2.739499999999999921e-02 -7.169699999999999684e-02 5.096000000000000085e+01 5.192900000000000510e-04 1.346400000000000041e+00
